1,0,386.5934143066406,149.70970153808594,487.7255554199219,354.38232421875,0.8224326372146606,-1,-1,-1
1,0,474.84674072265625,145.2945098876953,545.1702270507812,327.5963439941406,0.7813341021537781,-1,-1,-1
1,0,562.9568481445312,142.2613525390625,581.482177734375,188.6796875,0.4546510577201843,-1,-1,-1
1,0,547.613037109375,143.43399047851562,569.3779907226562,189.86683654785156,0.42780619859695435,-1,-1,-1
1,0,535.8855590820312,142.51754760742188,559.7570190429688,189.88290405273438,0.29771432280540466,-1,-1,-1
2,0,392.3547058105469,151.86236572265625,496.7658386230469,354.3786926269531,0.8430731296539307,-1,-1,-1
2,0,504.50787353515625,138.42056274414062,551.4415283203125,334.3779296875,0.8200891017913818,-1,-1,-1
2,0,561.0694580078125,142.9451141357422,578.934326171875,188.061767578125,0.28242990374565125,-1,-1,-1
3,0,507.7603759765625,144.63479614257812,571.5272827148438,329.78875732421875,0.8445384502410889,-1,-1,-1
3,0,415.52935791015625,149.17359924316406,497.1445617675781,356.28265380859375,0.8231425881385803,-1,-1,-1
3,0,552.8672485351562,142.63099670410156,572.357177734375,188.49635314941406,0.31293052434921265,-1,-1,-1
4,0,513.5145874023438,138.96287536621094,580.912109375,342.6563720703125,0.8095783591270447,-1,-1,-1
4,0,448.3290100097656,144.62086486816406,504.0965270996094,355.2774658203125,0.777753472328186,-1,-1,-1
5,0,523.4304809570312,140.02589416503906,603.4673461914062,343.78106689453125,0.920082688331604,-1,-1,-1
5,0,454.89013671875,148.72222900390625,520.251953125,362.587890625,0.8193452954292297,-1,-1,-1
5,0,506.73291015625,141.5030517578125,526.74609375,185.24246215820312,0.34734663367271423,-1,-1,-1
6,0,527.3892822265625,146.36439514160156,612.97216796875,347.3056335449219,0.8839205503463745,-1,-1,-1
6,0,457.8464660644531,144.71014404296875,543.7478637695312,360.9912414550781,0.8428523540496826,-1,-1,-1
7,0,465.99169921875,153.01980590820312,548.1159057617188,362.3672790527344,0.8417490124702454,-1,-1,-1
7,0,534.4637451171875,146.5809326171875,616.2002563476562,348.947509765625,0.8009274005889893,-1,-1,-1
7,0,490.3487243652344,141.9096221923828,512.248779296875,187.54075622558594,0.3441794216632843,-1,-1,-1
7,0,546.6931762695312,143.00938415527344,566.5392456054688,185.03941345214844,0.25465139746665955,-1,-1,-1
8,0,483.9239196777344,155.10777282714844,560.1317749023438,366.4675598144531,0.8422720432281494,-1,-1,-1
8,0,566.0578002929688,142.940673828125,619.5582885742188,345.3533020019531,0.773198664188385,-1,-1,-1
8,0,490.48321533203125,142.3209686279297,515.2103271484375,185.35464477539062,0.3284764885902405,-1,-1,-1
9,0,576.6715087890625,140.95382690429688,634.5297241210938,346.4797058105469,0.819004476070404,-1,-1,-1
9,0,511.4173889160156,155.32846069335938,570.101318359375,366.15313720703125,0.7910627126693726,-1,-1,-1
9,0,493.9459228515625,141.89332580566406,515.0548706054688,184.03683471679688,0.4468180537223816,-1,-1,-1
9,0,520.2362670898438,137.03102111816406,539.6528930664062,177.16085815429688,0.25067901611328125,-1,-1,-1
10,0,522.7855224609375,149.69984436035156,593.7784423828125,367.06549072265625,0.8610106110572815,-1,-1,-1
10,0,581.7702026367188,145.62503051757812,659.6517944335938,353.15338134765625,0.8452763557434082,-1,-1,-1
10,0,497.4857177734375,141.35020446777344,518.5004272460938,203.2381134033203,0.5637438297271729,-1,-1,-1
10,0,520.8885498046875,136.7229766845703,541.01416015625,184.47666931152344,0.30823588371276855,-1,-1,-1
11,0,527.8997192382812,151.07003784179688,630.3682250976562,366.5010070800781,0.8700180649757385,-1,-1,-1
11,0,599.0723266601562,144.696533203125,674.23388671875,349.40576171875,0.7245619297027588,-1,-1,-1
11,0,240.79173278808594,142.98806762695312,298.28973388671875,311.4230651855469,0.6085604429244995,-1,-1,-1
11,0,498.0594787597656,142.45359802246094,519.1875610351562,200.62290954589844,0.5750425457954407,-1,-1,-1
11,0,520.0950317382812,139.6785125732422,537.670654296875,188.95431518554688,0.46181923151016235,-1,-1,-1
12,0,529.8744506835938,152.9149627685547,642.2815551757812,366.7193908691406,0.8706523776054382,-1,-1,-1
12,0,612.7691040039062,146.7302703857422,693.2080078125,358.5752868652344,0.8481686115264893,-1,-1,-1
12,0,499.3550109863281,143.54095458984375,519.7894897460938,199.32980346679688,0.564459502696991,-1,-1,-1
12,0,518.9513549804688,137.62399291992188,537.2850341796875,192.6891326904297,0.5302659869194031,-1,-1,-1
13,0,542.8228759765625,155.46551513671875,644.6778564453125,366.7903747558594,0.8368294835090637,-1,-1,-1
13,0,628.592529296875,145.60801696777344,692.3803100585938,359.65655517578125,0.7817493677139282,-1,-1,-1
13,0,498.43829345703125,142.90914916992188,520.715087890625,202.06517028808594,0.5748726725578308,-1,-1,-1
13,0,540.0833129882812,144.0349578857422,562.549560546875,195.69667053222656,0.4828564524650574,-1,-1,-1
13,0,259.250244140625,170.01536560058594,321.5536804199219,313.8038635253906,0.30074313282966614,-1,-1,-1
13,0,517.7539672851562,138.69979858398438,537.0648803710938,196.5279083251953,0.2898155152797699,-1,-1,-1
14,0,570.7787475585938,148.44146728515625,653.9132690429688,369.1600036621094,0.8480769991874695,-1,-1,-1
14,0,642.75537109375,146.90457153320312,698.7984008789062,357.688232421875,0.7524169683456421,-1,-1,-1
14,0,263.0724792480469,154.38906860351562,340.412109375,316.657470703125,0.5424681305885315,-1,-1,-1
14,0,502.4482421875,143.4578399658203,525.2987670898438,202.09420776367188,0.4829012453556061,-1,-1,-1
14,0,539.3363647460938,147.23727416992188,561.7330322265625,196.6875457763672,0.4444620609283447,-1,-1,-1
14,0,235.9224395751953,154.41650390625,262.2281799316406,208.22669982910156,0.28379082679748535,-1,-1,-1
14,0,478.0809326171875,141.9890594482422,496.5701904296875,182.28778076171875,0.26856672763824463,-1,-1,-1
15,0,653.279052734375,144.4382781982422,716.189453125,362.1611022949219,0.8150103092193604,-1,-1,-1
15,0,598.4229125976562,150.29580688476562,668.3660888671875,367.1208190917969,0.7520692348480225,-1,-1,-1
15,0,273.5231628417969,146.2450714111328,352.1755065917969,325.4208984375,0.6804235577583313,-1,-1,-1
15,0,504.399658203125,144.5900115966797,527.5296630859375,202.22898864746094,0.568386435508728,-1,-1,-1
15,0,541.0213623046875,150.3284149169922,560.3349609375,196.92417907714844,0.42167237401008606,-1,-1,-1
15,0,474.11077880859375,143.0091552734375,492.9122314453125,182.01547241210938,0.25128376483917236,-1,-1,-1
16,0,591.83984375,148.71292114257812,671.0875854492188,367.5722351074219,0.8067010641098022,-1,-1,-1
16,0,655.1485595703125,145.22885131835938,736.7083740234375,365.7556457519531,0.7890289425849915,-1,-1,-1
16,0,506.49713134765625,143.54689025878906,529.9334106445312,205.78439331054688,0.664513349533081,-1,-1,-1
16,0,291.5146484375,146.34274291992188,359.1622619628906,324.9893798828125,0.6581472158432007,-1,-1,-1
16,0,541.3963623046875,150.2954864501953,560.98779296875,201.29644775390625,0.5063812136650085,-1,-1,-1
16,0,566.8823852539062,141.9977264404297,583.77392578125,195.74159240722656,0.4085691571235657,-1,-1,-1
16,0,474.3028259277344,143.61740112304688,493.7896423339844,185.13787841796875,0.36448797583580017,-1,-1,-1
16,0,522.1471557617188,146.63058471679688,553.1660766601562,201.18238830566406,0.2535931169986725,-1,-1,-1
17,0,589.762939453125,153.91366577148438,689.468017578125,368.85845947265625,0.8731878399848938,-1,-1,-1
17,0,665.9568481445312,147.73629760742188,753.7147216796875,364.4461364746094,0.8295873403549194,-1,-1,-1
17,0,506.753173828125,143.78640747070312,530.6805419921875,208.00570678710938,0.7487327456474304,-1,-1,-1
17,0,301.3562927246094,141.30557250976562,369.4828186035156,321.2640075683594,0.5943681597709656,-1,-1,-1
17,0,540.52490234375,147.01295471191406,559.8360595703125,199.9576416015625,0.5160017609596252,-1,-1,-1
17,0,248.12351989746094,151.91976928710938,315.18475341796875,328.4685363769531,0.5008001923561096,-1,-1,-1
17,0,562.19140625,141.9873809814453,582.3477172851562,196.23431396484375,0.48007097840309143,-1,-1,-1
17,0,466.35772705078125,141.0255584716797,484.3663330078125,186.69776916503906,0.46533942222595215,-1,-1,-1
18,0,601.255126953125,152.95802307128906,702.5126953125,366.9448547363281,0.8467740416526794,-1,-1,-1
18,0,675.4335327148438,144.30165100097656,763.0238037109375,366.2648620605469,0.8002966642379761,-1,-1,-1
18,0,315.25933837890625,145.8748779296875,399.4093322753906,323.62213134765625,0.7214078903198242,-1,-1,-1
18,0,508.6416931152344,143.3455047607422,531.2401123046875,208.14566040039062,0.668662965297699,-1,-1,-1
18,0,464.51165771484375,141.60739135742188,482.8233947753906,183.88377380371094,0.5551931858062744,-1,-1,-1
18,0,1183.022216796875,144.76416015625,1223.6072998046875,364.02337646484375,0.5087769031524658,-1,-1,-1
18,0,545.0472412109375,146.6499786376953,565.8626098632812,197.66554260253906,0.4932693541049957,-1,-1,-1
18,0,260.7720947265625,147.56983947753906,314.2201843261719,324.9021301269531,0.35603320598602295,-1,-1,-1
19,0,1140.2840576171875,150.2108154296875,1224.0,368.30194091796875,0.8720208406448364,-1,-1,-1
19,0,700.3300170898438,146.4042205810547,769.6600952148438,364.1614990234375,0.810920000076294,-1,-1,-1
19,0,629.1485595703125,152.52301025390625,718.3162841796875,366.90228271484375,0.7976455688476562,-1,-1,-1
19,0,318.8766784667969,146.85397338867188,417.4617614746094,325.16522216796875,0.7079077959060669,-1,-1,-1
19,0,509.904052734375,142.85853576660156,533.6263427734375,207.79925537109375,0.6152669787406921,-1,-1,-1
19,0,262.4686279296875,200.7349090576172,317.91094970703125,334.4981384277344,0.5433186888694763,-1,-1,-1
19,0,542.6524047851562,145.89317321777344,564.6365966796875,197.5462646484375,0.43755093216896057,-1,-1,-1
19,0,462.30242919921875,142.45957946777344,477.3488464355469,181.51197814941406,0.3801446557044983,-1,-1,-1
19,0,484.933349609375,142.0585479736328,503.439453125,182.48388671875,0.33367693424224854,-1,-1,-1
19,0,287.9079895019531,150.19862365722656,320.5643615722656,236.27804565429688,0.3220692574977875,-1,-1,-1
20,0,1112.287841796875,145.2982177734375,1195.2052001953125,368.85601806640625,0.8662809729576111,-1,-1,-1
20,0,330.17864990234375,149.29226684570312,429.6849670410156,323.78662109375,0.7873226404190063,-1,-1,-1
20,0,659.9301147460938,150.2011260986328,736.9644165039062,365.9897155761719,0.784686267375946,-1,-1,-1
20,0,716.9921875,143.28912353515625,774.8521728515625,357.1396179199219,0.7281783819198608,-1,-1,-1
20,0,510.137939453125,139.92599487304688,534.678955078125,208.40943908691406,0.6258171200752258,-1,-1,-1
20,0,262.54571533203125,158.8013458251953,340.72100830078125,342.189697265625,0.6118950843811035,-1,-1,-1
20,0,538.0603637695312,143.70542907714844,562.518310546875,201.7921905517578,0.46558451652526855,-1,-1,-1
20,0,484.17242431640625,140.0791778564453,502.6383972167969,178.96722412109375,0.418169766664505,-1,-1,-1
20,0,459.27423095703125,140.4290313720703,477.26141357421875,187.29579162597656,0.4011060297489166,-1,-1,-1
20,0,571.5801391601562,147.5193328857422,592.5166625976562,196.311767578125,0.3230191469192505,-1,-1,-1
21,0,1079.595703125,144.23553466796875,1160.525390625,368.4502258300781,0.8804598450660706,-1,-1,-1
21,0,672.9430541992188,143.91366577148438,758.6380615234375,368.9649658203125,0.8459275364875793,-1,-1,-1
21,0,732.4566040039062,143.08824157714844,805.3190307617188,364.2090759277344,0.7736741900444031,-1,-1,-1
21,0,350.6883850097656,148.3386993408203,426.1249694824219,323.6927185058594,0.6093145608901978,-1,-1,-1
21,0,513.5262451171875,139.0726318359375,535.0179443359375,204.51560974121094,0.6074141263961792,-1,-1,-1
21,0,542.0452880859375,147.219482421875,563.3912963867188,197.71141052246094,0.5518284440040588,-1,-1,-1
21,0,454.557373046875,141.39451599121094,472.6597900390625,186.989990234375,0.479078084230423,-1,-1,-1
21,0,279.1174621582031,144.87181091308594,350.3149108886719,336.1661071777344,0.46192291378974915,-1,-1,-1
21,0,485.59417724609375,141.27545166015625,502.6411437988281,176.9716033935547,0.40646204352378845,-1,-1,-1
21,0,576.3406982421875,149.646240234375,592.4754638671875,198.03221130371094,0.36457276344299316,-1,-1,-1
21,0,512.1083374023438,142.464111328125,559.11328125,201.5218048095703,0.28157931566238403,-1,-1,-1
22,0,1015.5641479492188,148.26187133789062,1142.76318359375,370.0,0.8921351432800293,-1,-1,-1
22,0,684.2196655273438,149.9758758544922,782.1517944335938,367.8687744140625,0.8663648366928101,-1,-1,-1
22,0,744.5753784179688,142.31082153320312,825.220947265625,366.1624755859375,0.8168076276779175,-1,-1,-1
22,0,509.21441650390625,138.83322143554688,531.15234375,197.39100646972656,0.4475418031215668,-1,-1,-1
22,0,365.3533020019531,161.7056427001953,444.62347412109375,323.93206787109375,0.41957375407218933,-1,-1,-1
22,0,299.4744873046875,157.90660095214844,353.4243469238281,290.52838134765625,0.41453391313552856,-1,-1,-1
22,0,449.1531982421875,141.8826446533203,470.5390319824219,195.74049377441406,0.38321858644485474,-1,-1,-1
22,0,516.73974609375,141.23428344726562,538.3914794921875,202.5734100341797,0.32770076394081116,-1,-1,-1
22,0,541.177490234375,145.2880859375,564.39013671875,196.34523010253906,0.2882840633392334,-1,-1,-1
22,0,485.2184143066406,140.3289031982422,502.28265380859375,179.55271911621094,0.2645961344242096,-1,-1,-1
22,0,505.7400817871094,139.63430786132812,525.4017944335938,177.23385620117188,0.255266398191452,-1,-1,-1
23,0,980.6288452148438,157.23776245117188,1118.9981689453125,368.0498352050781,0.896327018737793,-1,-1,-1
23,0,689.8824462890625,152.61819458007812,812.3648681640625,367.0064697265625,0.7891064882278442,-1,-1,-1
23,0,759.1248779296875,145.39674377441406,851.057373046875,363.266357421875,0.7645481824874878,-1,-1,-1
23,0,300.47308349609375,145.72732543945312,364.5780334472656,309.4979553222656,0.48690301179885864,-1,-1,-1
23,0,521.2777709960938,141.11468505859375,541.4895629882812,200.82203674316406,0.4752673804759979,-1,-1,-1
23,0,382.06695556640625,154.62750244140625,465.34942626953125,324.2610168457031,0.4416980743408203,-1,-1,-1
23,0,543.2207641601562,145.83457946777344,563.2166748046875,198.39024353027344,0.42730116844177246,-1,-1,-1
23,0,576.9752807617188,149.24163818359375,593.1903076171875,198.1583251953125,0.38141053915023804,-1,-1,-1
23,0,504.85772705078125,140.18626403808594,522.0283203125,178.0205535888672,0.3722050189971924,-1,-1,-1
23,0,440.0656433105469,141.11138916015625,468.76483154296875,196.92652893066406,0.33430254459381104,-1,-1,-1
23,0,486.8993225097656,141.6246795654297,508.60345458984375,179.7125701904297,0.2551718056201935,-1,-1,-1
24,0,693.5269775390625,148.70982360839844,815.8094482421875,367.5728759765625,0.8619930744171143,-1,-1,-1
24,0,957.35107421875,155.14694213867188,1071.636474609375,369.5966796875,0.8488410115242004,-1,-1,-1
24,0,780.9097290039062,143.33209228515625,853.4431762695312,366.3851013183594,0.7285714745521545,-1,-1,-1
24,0,312.7479553222656,136.72340393066406,392.17840576171875,339.36083984375,0.6566266417503357,-1,-1,-1
24,0,399.01324462890625,156.15443420410156,478.0658264160156,326.52911376953125,0.6507274508476257,-1,-1,-1
24,0,521.06201171875,141.78025817871094,542.8631591796875,204.6826171875,0.5177233219146729,-1,-1,-1
24,0,504.89898681640625,140.98239135742188,521.0101318359375,178.34518432617188,0.4753471314907074,-1,-1,-1
24,0,544.733154296875,147.6903839111328,562.9047241210938,198.1282501220703,0.4579494893550873,-1,-1,-1
24,0,482.7534484863281,141.7325439453125,497.91668701171875,179.24378967285156,0.3249396085739136,-1,-1,-1
24,0,576.7889404296875,150.3791046142578,595.669921875,198.4316864013672,0.2734833061695099,-1,-1,-1
25,0,946.426025390625,150.86346435546875,1030.14453125,365.93255615234375,0.900989830493927,-1,-1,-1
25,0,724.4766845703125,144.3313446044922,811.2650146484375,367.2845458984375,0.8962891697883606,-1,-1,-1
25,0,796.8857421875,142.1201171875,860.1734619140625,365.6265563964844,0.8345587253570557,-1,-1,-1
25,0,321.069580078125,146.25344848632812,397.00250244140625,342.7566833496094,0.7228421568870544,-1,-1,-1
25,0,519.9254760742188,142.0840606689453,542.8428955078125,203.5989532470703,0.5537711381912231,-1,-1,-1
25,0,395.0486145019531,176.95387268066406,486.39483642578125,328.96282958984375,0.5024215579032898,-1,-1,-1
25,0,543.8324584960938,150.7727813720703,562.1824340820312,198.26324462890625,0.4544486403465271,-1,-1,-1
25,0,502.19189453125,139.84043884277344,521.4603881835938,176.3439178466797,0.42562389373779297,-1,-1,-1
25,0,575.6064453125,149.71401977539062,595.7251586914062,200.03060913085938,0.4208937883377075,-1,-1,-1
25,0,428.43792724609375,140.6895751953125,454.0427551269531,181.1507568359375,0.3211039900779724,-1,-1,-1
25,0,329.3060607910156,141.95236206054688,481.5054016113281,338.7627258300781,0.293932169675827,-1,-1,-1
26,0,924.1788330078125,145.85789489746094,1010.0476684570312,367.84197998046875,0.8739110231399536,-1,-1,-1
26,0,753.9642944335938,144.0066375732422,835.5144653320312,366.2135925292969,0.7715786099433899,-1,-1,-1
26,0,334.36346435546875,151.98663330078125,416.2561340332031,344.426513671875,0.6823692917823792,-1,-1,-1
26,0,519.9260864257812,141.46519470214844,545.9722900390625,213.44541931152344,0.628891110420227,-1,-1,-1
26,0,810.212158203125,137.982421875,879.9862060546875,367.0657958984375,0.5700546503067017,-1,-1,-1
26,0,419.7916564941406,151.95257568359375,500.7559509277344,331.14495849609375,0.5086395144462585,-1,-1,-1
26,0,501.67822265625,140.2878875732422,522.0429077148438,177.53115844726562,0.4126826226711273,-1,-1,-1
26,0,578.3457641601562,151.4471893310547,596.8190307617188,198.825927734375,0.3749699890613556,-1,-1,-1
26,0,544.6449584960938,148.14971923828125,563.76123046875,199.52157592773438,0.34641894698143005,-1,-1,-1
26,0,481.0040283203125,141.06785583496094,497.1955261230469,178.0763397216797,0.27650579810142517,-1,-1,-1
26,0,446.2889404296875,143.53150939941406,467.8711242675781,182.2888946533203,0.25547465682029724,-1,-1,-1
27,0,873.6621704101562,156.51785278320312,1006.6085815429688,369.5228576660156,0.8892868757247925,-1,-1,-1
27,0,442.55438232421875,145.1184844970703,506.94818115234375,330.4167175292969,0.7517550587654114,-1,-1,-1
27,0,338.3670349121094,145.39041137695312,426.2630615234375,347.4524230957031,0.7399033904075623,-1,-1,-1
27,0,752.4453735351562,145.33921813964844,855.2550048828125,365.5496826171875,0.7358900308609009,-1,-1,-1
27,0,521.1641845703125,142.11619567871094,545.5648803710938,213.71322631835938,0.6676814556121826,-1,-1,-1
27,0,827.3694458007812,142.76759338378906,916.8302001953125,360.828857421875,0.47985440492630005,-1,-1,-1
27,0,579.3992919921875,150.54786682128906,598.2735595703125,199.35414123535156,0.4432864785194397,-1,-1,-1
27,0,499.27691650390625,139.76959228515625,520.583740234375,174.44906616210938,0.28608453273773193,-1,-1,-1
28,0,453.76263427734375,143.0813446044922,519.7755126953125,334.7637634277344,0.8205941319465637,-1,-1,-1
28,0,751.7365112304688,148.67994689941406,866.5632934570312,367.4870300292969,0.7965975999832153,-1,-1,-1
28,0,868.2957153320312,153.32321166992188,994.5425415039062,366.49102783203125,0.7032329440116882,-1,-1,-1
28,0,523.0662231445312,141.84112548828125,548.3412475585938,213.93312072753906,0.5915172100067139,-1,-1,-1
28,0,374.9208984375,141.4804229736328,433.14923095703125,339.48992919921875,0.5616815090179443,-1,-1,-1
28,0,837.2661743164062,155.51657104492188,915.2974243164062,367.2498779296875,0.55035799741745,-1,-1,-1
28,0,576.2244262695312,143.4794158935547,599.3804321289062,202.14100646972656,0.44989222288131714,-1,-1,-1
28,0,848.460205078125,143.40850830078125,901.8983764648438,225.5845184326172,0.3320322036743164,-1,-1,-1
28,0,542.8842163085938,146.67230224609375,562.2701416015625,202.8303680419922,0.30937492847442627,-1,-1,-1
28,0,498.7869567871094,139.494140625,522.4739990234375,177.63572692871094,0.273091197013855,-1,-1,-1
29,0,764.1265258789062,148.75445556640625,879.933837890625,368.6515197753906,0.8211908340454102,-1,-1,-1
29,0,853.7334594726562,145.7694549560547,954.146728515625,368.7192687988281,0.8150962591171265,-1,-1,-1
29,0,446.31243896484375,164.35801696777344,556.5608520507812,337.38714599609375,0.7329214811325073,-1,-1,-1
29,0,376.5782165527344,136.97140502929688,439.8550720214844,342.6468200683594,0.6571292281150818,-1,-1,-1
29,0,520.073974609375,139.9655303955078,550.0064697265625,213.76678466796875,0.5396670699119568,-1,-1,-1
29,0,578.1123657226562,146.21693420410156,600.5994262695312,202.1917266845703,0.41135090589523315,-1,-1,-1
29,0,490.3897705078125,139.93853759765625,513.541259765625,181.52279663085938,0.34625133872032166,-1,-1,-1
29,0,542.6743774414062,144.83448791503906,561.0676879882812,204.51019287109375,0.3249949514865875,-1,-1,-1
29,0,564.4349365234375,138.9073944091797,582.6917114257812,182.76258850097656,0.266555517911911,-1,-1,-1
30,0,461.429931640625,165.06509399414062,561.8011474609375,336.45550537109375,0.8606362342834473,-1,-1,-1
30,0,808.131591796875,147.85475158691406,900.3456420898438,364.47711181640625,0.7983351349830627,-1,-1,-1
30,0,877.9645385742188,145.9603729248047,978.0739135742188,363.1961364746094,0.7904220223426819,-1,-1,-1
30,0,378.05670166015625,131.18478393554688,447.50054931640625,352.25390625,0.6618602275848389,-1,-1,-1
30,0,526.9404907226562,142.23817443847656,557.2030029296875,214.35174560546875,0.6054861545562744,-1,-1,-1
30,0,578.5070190429688,149.5656280517578,601.2756958007812,202.2932891845703,0.5469632148742676,-1,-1,-1
30,0,495.8516540527344,138.27120971679688,522.0134887695312,183.339599609375,0.3996715247631073,-1,-1,-1
30,0,474.97491455078125,141.47021484375,493.40460205078125,176.6189422607422,0.2940809428691864,-1,-1,-1
31,0,468.1827392578125,160.64315795898438,570.2596435546875,343.6903076171875,0.7936719059944153,-1,-1,-1
31,0,781.3993530273438,159.49920654296875,860.4419555664062,362.1634521484375,0.7494812607765198,-1,-1,-1
31,0,898.8517456054688,142.00942993164062,984.466796875,366.3998107910156,0.7442401051521301,-1,-1,-1
31,0,837.1328125,149.12197875976562,919.352294921875,365.06219482421875,0.6650710701942444,-1,-1,-1
31,0,385.54339599609375,154.92086791992188,480.0120544433594,349.61151123046875,0.537417471408844,-1,-1,-1
31,0,583.5232543945312,147.80987548828125,603.530517578125,202.6810302734375,0.5322046279907227,-1,-1,-1
31,0,473.98406982421875,140.51280212402344,491.84783935546875,178.84567260742188,0.4404239356517792,-1,-1,-1
31,0,494.3722229003906,138.6940460205078,516.1039428710938,182.65005493164062,0.32946106791496277,-1,-1,-1
31,0,544.3396606445312,144.32264709472656,564.9273071289062,199.10598754882812,0.3023150861263275,-1,-1,-1
31,0,517.618408203125,142.59036254882812,540.6271362304688,183.0068359375,0.25521695613861084,-1,-1,-1
32,0,754.2938842773438,162.9295196533203,868.84765625,362.54168701171875,0.9028995037078857,-1,-1,-1
32,0,853.6777954101562,146.58555603027344,967.5345458984375,366.6637268066406,0.8292528986930847,-1,-1,-1
32,0,505.7263488769531,164.53919982910156,566.6318359375,339.90753173828125,0.8244205713272095,-1,-1,-1
32,0,389.1459045410156,136.51751708984375,490.7625427246094,360.6878662109375,0.791559636592865,-1,-1,-1
32,0,584.2158203125,149.04464721679688,603.7721557617188,205.04278564453125,0.6045620441436768,-1,-1,-1
32,0,930.9688720703125,130.35507202148438,993.8920288085938,283.9862976074219,0.4638957381248474,-1,-1,-1
32,0,495.4116516113281,139.0663299560547,514.7357788085938,181.27574157714844,0.36352378129959106,-1,-1,-1
32,0,532.1257934570312,137.1943359375,558.7136840820312,183.1034393310547,0.3223678171634674,-1,-1,-1
33,0,526.8201293945312,146.82989501953125,585.4242553710938,349.1499938964844,0.7944864630699158,-1,-1,-1
33,0,871.3881225585938,145.8003692626953,980.52880859375,367.4542541503906,0.7350196242332458,-1,-1,-1
33,0,757.0194702148438,162.07318115234375,846.6023559570312,355.5520935058594,0.7183593511581421,-1,-1,-1
33,0,406.00054931640625,132.82684326171875,485.8792419433594,354.3665771484375,0.707926332950592,-1,-1,-1
33,0,941.8894653320312,136.0636444091797,1019.2420043945312,364.92529296875,0.6708042025566101,-1,-1,-1
33,0,589.4088745117188,150.13980102539062,606.0573120117188,199.38043212890625,0.4484270215034485,-1,-1,-1
33,0,493.09259033203125,139.80982971191406,510.2120361328125,182.29302978515625,0.3067791759967804,-1,-1,-1
34,0,533.6874389648438,154.67337036132812,615.6448974609375,351.6691589355469,0.8745228052139282,-1,-1,-1
34,0,739.4682006835938,158.7590789794922,800.5015869140625,353.07940673828125,0.8524472117424011,-1,-1,-1
34,0,887.0419921875,141.109375,1041.6087646484375,368.8286437988281,0.7635601758956909,-1,-1,-1
34,0,430.78228759765625,149.66957092285156,501.9684753417969,349.90582275390625,0.6516450047492981,-1,-1,-1
34,0,526.2962036132812,139.0380401611328,552.5592041015625,202.20054626464844,0.3660171627998352,-1,-1,-1
34,0,589.2801513671875,150.5914764404297,609.5399780273438,192.35052490234375,0.34398698806762695,-1,-1,-1
35,0,693.9273681640625,158.8927764892578,796.0582885742188,354.59991455078125,0.8807207942008972,-1,-1,-1
35,0,922.1158447265625,140.4755859375,1077.146240234375,369.6242370605469,0.872875988483429,-1,-1,-1
35,0,532.8531494140625,149.49661254882812,635.579345703125,357.6113586425781,0.8614487648010254,-1,-1,-1
35,0,446.458740234375,119.993408203125,527.5731201171875,363.7505187988281,0.6372983455657959,-1,-1,-1
35,0,527.1973876953125,140.29612731933594,558.8690795898438,209.75051879882812,0.34723415970802307,-1,-1,-1
36,0,669.70361328125,166.02430725097656,797.1524047851562,350.2519226074219,0.9071860909461975,-1,-1,-1
36,0,547.9835815429688,150.14622497558594,646.90185546875,359.1432800292969,0.8797512650489807,-1,-1,-1
36,0,945.3441772460938,142.93409729003906,1097.9168701171875,367.09515380859375,0.846527099609375,-1,-1,-1
36,0,459.54608154296875,145.0556640625,546.0617065429688,362.8177795410156,0.8134706020355225,-1,-1,-1
36,0,542.6614379882812,143.02293395996094,567.698486328125,217.46754455566406,0.5475741624832153,-1,-1,-1
37,0,578.0275268554688,150.18572998046875,656.66650390625,358.0596618652344,0.8758657574653625,-1,-1,-1
37,0,669.8283081054688,163.64149475097656,769.4171752929688,350.1746520996094,0.8699796795845032,-1,-1,-1
37,0,966.543701171875,139.72793579101562,1110.8375244140625,366.8370056152344,0.851059079170227,-1,-1,-1
37,0,459.6850280761719,144.04261779785156,557.162353515625,362.97467041015625,0.7813073396682739,-1,-1,-1
37,0,546.5997314453125,141.5679168701172,574.4563598632812,217.04705810546875,0.5973440408706665,-1,-1,-1
37,0,1053.1290283203125,141.5026397705078,1113.7574462890625,361.9234313964844,0.2872276306152344,-1,-1,-1
37,0,461.4398498535156,142.6509552001953,483.0426330566406,178.72857666015625,0.2563925087451935,-1,-1,-1
38,0,991.1863403320312,136.12738037109375,1141.562744140625,368.4346008300781,0.8795574903488159,-1,-1,-1
38,0,470.4767761230469,160.5665283203125,566.70703125,365.4868469238281,0.875271737575531,-1,-1,-1
38,0,595.9788818359375,149.35362243652344,666.4031982421875,359.35546875,0.8490944504737854,-1,-1,-1
38,0,659.4473876953125,157.6995086669922,716.7037963867188,350.7568054199219,0.7738153338432312,-1,-1,-1
38,0,551.1464233398438,143.7078399658203,572.756591796875,217.83087158203125,0.3661104440689087,-1,-1,-1
38,0,459.587158203125,142.80084228515625,480.98681640625,180.38145446777344,0.26053112745285034,-1,-1,-1
38,0,485.2708740234375,142.1579132080078,503.9228820800781,181.94410705566406,0.2592755854129791,-1,-1,-1
39,0,1015.9323120117188,131.91189575195312,1178.5489501953125,366.1405944824219,0.9150650501251221,-1,-1,-1
39,0,489.8797302246094,136.6241455078125,582.2661743164062,365.82373046875,0.8303489685058594,-1,-1,-1
39,0,600.3630981445312,149.98809814453125,700.1588745117188,361.5199279785156,0.8126382827758789,-1,-1,-1
39,0,652.1036376953125,159.15408325195312,698.5645141601562,354.8813781738281,0.606336236000061,-1,-1,-1
39,0,594.6322631835938,149.46847534179688,613.7683715820312,203.3053741455078,0.44980302453041077,-1,-1,-1
39,0,483.36767578125,142.1686553955078,503.45172119140625,184.1807861328125,0.36524704098701477,-1,-1,-1
40,0,591.2839965820312,143.49951171875,711.22705078125,364.57073974609375,0.885624349117279,-1,-1,-1
40,0,523.391357421875,128.05081176757812,601.9490966796875,358.74835205078125,0.8454695343971252,-1,-1,-1
40,0,1047.273681640625,134.83888244628906,1211.320068359375,367.03643798828125,0.8451274037361145,-1,-1,-1
40,0,505.21234130859375,141.65521240234375,522.55322265625,177.88943481445312,0.2738465666770935,-1,-1,-1
40,0,482.4131774902344,141.59507751464844,502.035888671875,183.91607666015625,0.27274054288864136,-1,-1,-1
41,0,1076.9620361328125,138.63088989257812,1223.1048583984375,365.1593933105469,0.9239636063575745,-1,-1,-1
41,0,619.0332641601562,148.02584838867188,708.7774047851562,363.7850036621094,0.8361372351646423,-1,-1,-1
41,0,595.6124267578125,165.77066040039062,652.292724609375,343.41253662109375,0.6900227069854736,-1,-1,-1
41,0,531.2770385742188,144.21165466308594,607.7230834960938,370.0,0.6821353435516357,-1,-1,-1
41,0,527.4157104492188,140.9552764892578,548.4385375976562,204.52609252929688,0.3985975384712219,-1,-1,-1
41,0,460.17596435546875,143.78817749023438,477.3299255371094,178.88941955566406,0.31792688369750977,-1,-1,-1
41,0,497.5542297363281,141.63381958007812,516.8034057617188,182.87681579589844,0.2517016530036926,-1,-1,-1
42,0,1106.4393310546875,143.73631286621094,1223.5845947265625,364.5614318847656,0.8885851502418518,-1,-1,-1
42,0,639.503173828125,145.9261474609375,714.2158203125,364.5336608886719,0.8631038069725037,-1,-1,-1
42,0,547.3524169921875,138.1953887939453,638.9244384765625,368.561279296875,0.794853687286377,-1,-1,-1
42,0,526.8029174804688,139.9544219970703,550.2500610351562,208.38482666015625,0.4879695475101471,-1,-1,-1
42,0,551.2216186523438,141.54025268554688,575.5242309570312,204.82504272460938,0.38132455945014954,-1,-1,-1
42,0,490.0882568359375,140.87620544433594,510.9924621582031,184.84132385253906,0.29330873489379883,-1,-1,-1
42,0,459.6656494140625,144.1220703125,476.1023254394531,179.6328887939453,0.292220801115036,-1,-1,-1
43,0,669.240478515625,143.99928283691406,739.3363647460938,366.356689453125,0.8860737681388855,-1,-1,-1
43,0,1137.2149658203125,144.28404235839844,1223.6517333984375,365.286865234375,0.8821831941604614,-1,-1,-1
43,0,547.818359375,137.20945739746094,649.1359252929688,367.0843505859375,0.8402128219604492,-1,-1,-1
43,0,549.5128784179688,142.61720275878906,575.1803588867188,217.05096435546875,0.4006880521774292,-1,-1,-1
43,0,529.6820068359375,140.93495178222656,549.219970703125,201.30657958984375,0.39567795395851135,-1,-1,-1
43,0,479.4620666503906,141.2687530517578,498.59033203125,184.04006958007812,0.36924996972084045,-1,-1,-1
43,0,557.9415893554688,146.09715270996094,588.264404296875,220.591064453125,0.353139191865921,-1,-1,-1
43,0,456.8463134765625,143.02597045898438,473.63946533203125,180.1323699951172,0.30138033628463745,-1,-1,-1
44,0,677.1849975585938,142.73968505859375,765.3587646484375,369.50872802734375,0.8887308239936829,-1,-1,-1
44,0,570.7369995117188,124.28211212158203,657.6864013671875,367.5294189453125,0.7638768553733826,-1,-1,-1
44,0,1149.3140869140625,191.27093505859375,1223.669677734375,362.9678955078125,0.7328420877456665,-1,-1,-1
44,0,509.98565673828125,164.66123962402344,600.7767333984375,340.92266845703125,0.7305919528007507,-1,-1,-1
44,0,526.9824829101562,140.68539428710938,548.89501953125,206.48585510253906,0.5241633057594299,-1,-1,-1
44,0,478.3146057128906,141.1538543701172,495.4626159667969,184.12911987304688,0.28865811228752136,-1,-1,-1
45,0,683.995849609375,148.64515686035156,790.911865234375,368.0172119140625,0.8866367936134338,-1,-1,-1
45,0,589.7012329101562,125.13211059570312,676.983154296875,367.05682373046875,0.8120535612106323,-1,-1,-1
45,0,495.7168884277344,163.9986114501953,599.9205932617188,343.553466796875,0.7978516817092896,-1,-1,-1
45,0,1172.0721435546875,263.6796875,1222.7503662109375,363.8313903808594,0.6973071098327637,-1,-1,-1
45,0,563.4525756835938,142.98069763183594,592.1674194335938,217.2265625,0.481671005487442,-1,-1,-1
45,0,477.0868225097656,140.8384552001953,494.6487731933594,183.77337646484375,0.3744398355484009,-1,-1,-1
45,0,417.3876647949219,142.4604949951172,439.43218994140625,178.52481079101562,0.27619925141334534,-1,-1,-1
45,0,601.234375,146.695556640625,619.7855224609375,203.03659057617188,0.2638549208641052,-1,-1,-1
46,0,688.0137939453125,146.32943725585938,807.8055419921875,370.0,0.8687290549278259,-1,-1,-1
46,0,503.6759948730469,157.3463134765625,577.4381103515625,339.6289978027344,0.8538015484809875,-1,-1,-1
46,0,622.7022094726562,118.0116958618164,698.9044189453125,364.87506103515625,0.8083783388137817,-1,-1,-1
46,0,561.3797607421875,142.0442352294922,592.5615234375,226.0155792236328,0.5609379410743713,-1,-1,-1
46,0,603.4618530273438,147.81344604492188,624.6766357421875,207.82553100585938,0.38178175687789917,-1,-1,-1
46,0,475.91058349609375,138.17739868164062,492.4107666015625,180.19497680664062,0.34955716133117676,-1,-1,-1
47,0,722.1085815429688,146.7112274169922,819.2596435546875,367.81671142578125,0.8682267069816589,-1,-1,-1
47,0,630.252685546875,120.8253402709961,719.765380859375,366.0743408203125,0.812100350856781,-1,-1,-1
47,0,489.3995361328125,165.8600616455078,530.1365966796875,333.4726257324219,0.7382560968399048,-1,-1,-1
47,0,527.9287719726562,138.74826049804688,553.1637573242188,209.79714965820312,0.5475443601608276,-1,-1,-1
47,0,604.4656372070312,149.88739013671875,625.510986328125,208.57872009277344,0.5386859774589539,-1,-1,-1
47,0,571.1689453125,150.0745391845703,597.7640991210938,223.88870239257812,0.5011849999427795,-1,-1,-1
47,0,553.242919921875,152.92825317382812,574.7622680664062,217.06065368652344,0.2772747278213501,-1,-1,-1
47,0,567.7071533203125,149.69297790527344,624.1536865234375,216.9307861328125,0.266143262386322,-1,-1,-1
48,0,631.3158569335938,132.63552856445312,742.2717895507812,365.82965087890625,0.8685317635536194,-1,-1,-1
48,0,442.6258544921875,164.76051330566406,527.32763671875,337.2411193847656,0.8190827369689941,-1,-1,-1
48,0,747.9965209960938,143.49276733398438,829.8649291992188,367.0081787109375,0.8127152323722839,-1,-1,-1
48,0,605.591064453125,148.95167541503906,627.7376098632812,208.77963256835938,0.6549925804138184,-1,-1,-1
48,0,528.17236328125,138.29420471191406,551.9691162109375,209.19178771972656,0.6483529210090637,-1,-1,-1
48,0,572.2997436523438,151.34718322753906,600.5238037109375,225.9139404296875,0.5843979716300964,-1,-1,-1
48,0,557.5631713867188,148.97528076171875,586.502685546875,223.4073944091797,0.2740107476711273,-1,-1,-1
49,0,640.0863037109375,128.50390625,762.6177368164062,368.5314025878906,0.8823643922805786,-1,-1,-1
49,0,755.5929565429688,140.0568084716797,841.2540283203125,366.9383239746094,0.8686521649360657,-1,-1,-1
49,0,415.6686096191406,156.7273712158203,519.4207153320312,335.6288146972656,0.8328832387924194,-1,-1,-1
49,0,573.8968505859375,146.80320739746094,602.5625610351562,222.75230407714844,0.6822059154510498,-1,-1,-1
49,0,528.8658447265625,139.5816650390625,552.8507080078125,211.6879425048828,0.6385375261306763,-1,-1,-1
49,0,609.087890625,147.5993194580078,630.6235961914062,210.49679565429688,0.6160041689872742,-1,-1,-1
49,0,557.8067626953125,147.65176391601562,580.4978637695312,216.42742919921875,0.3547252416610718,-1,-1,-1
49,0,498.19366455078125,146.22731018066406,519.217041015625,184.96742248535156,0.2578803300857544,-1,-1,-1
50,0,760.0728759765625,141.55934143066406,880.644287109375,369.6804504394531,0.8831081986427307,-1,-1,-1
50,0,672.2101440429688,119.95809173583984,774.5955810546875,367.20001220703125,0.8553154468536377,-1,-1,-1
50,0,576.8405151367188,146.6067657470703,604.5027465820312,223.91432189941406,0.6657252311706543,-1,-1,-1
50,0,420.1548156738281,163.92156982421875,495.20721435546875,331.9701232910156,0.6279023289680481,-1,-1,-1
50,0,530.32275390625,136.82701110839844,554.9054565429688,211.0524444580078,0.5973595976829529,-1,-1,-1
50,0,612.6076049804688,145.31106567382812,633.8197021484375,207.58938598632812,0.5610203742980957,-1,-1,-1
50,0,559.1026611328125,144.94459533691406,581.44580078125,214.17442321777344,0.4876818358898163,-1,-1,-1
50,0,472.8251037597656,140.86666870117188,489.6752014160156,182.7900390625,0.31995296478271484,-1,-1,-1
51,0,777.82763671875,143.4668426513672,884.2035522460938,368.6579284667969,0.8724361062049866,-1,-1,-1
51,0,708.103759765625,120.31784057617188,791.3989868164062,363.98394775390625,0.842826247215271,-1,-1,-1
51,0,579.6502685546875,144.45706176757812,605.5924682617188,224.42271423339844,0.650826632976532,-1,-1,-1
51,0,529.9024658203125,137.81398010253906,554.4169921875,209.70018005371094,0.6297431588172913,-1,-1,-1
51,0,612.601806640625,147.0327911376953,636.5982055664062,211.8805389404297,0.6224925518035889,-1,-1,-1
51,0,559.8362426757812,146.94720458984375,583.536376953125,212.18490600585938,0.5339325666427612,-1,-1,-1
51,0,468.939697265625,141.61984252929688,488.6972351074219,187.52537536621094,0.4641646146774292,-1,-1,-1
51,0,443.9802551269531,142.53573608398438,464.279296875,184.18711853027344,0.4383087456226349,-1,-1,-1
51,0,404.7549133300781,166.90365600585938,475.3292236328125,321.2117919921875,0.4104123115539551,-1,-1,-1
52,0,799.7885131835938,142.5457305908203,900.5231323242188,366.8705139160156,0.8857174515724182,-1,-1,-1
52,0,720.1122436523438,119.40155792236328,800.8566284179688,361.4384460449219,0.801306962966919,-1,-1,-1
52,0,530.9026489257812,137.674560546875,555.702880859375,210.07907104492188,0.626498281955719,-1,-1,-1
52,0,612.7511596679688,147.32077026367188,637.2308959960938,212.4749298095703,0.5551723837852478,-1,-1,-1
52,0,372.61981201171875,170.74266052246094,444.610107421875,330.0241394042969,0.513235867023468,-1,-1,-1
52,0,562.3344116210938,148.35162353515625,585.822021484375,212.10720825195312,0.5108623504638672,-1,-1,-1
52,0,580.3792724609375,147.6623077392578,612.3199462890625,218.0105743408203,0.5000610947608948,-1,-1,-1
52,0,462.92572021484375,142.26577758789062,480.705810546875,184.84054565429688,0.4664500653743744,-1,-1,-1
52,0,437.48834228515625,142.5695037841797,458.98779296875,181.66136169433594,0.3609035015106201,-1,-1,-1
52,0,538.8345947265625,144.1649169921875,568.9969482421875,210.679443359375,0.26780813932418823,-1,-1,-1
53,0,724.401123046875,125.65614318847656,821.8527221679688,363.3825988769531,0.8621483445167542,-1,-1,-1
53,0,840.8294067382812,141.5780029296875,918.3333740234375,366.7275695800781,0.8531311750411987,-1,-1,-1
53,0,533.1873779296875,138.3419189453125,556.130859375,206.30126953125,0.6402567625045776,-1,-1,-1
53,0,340.2298889160156,152.0402374267578,451.9807434082031,331.90814208984375,0.6366284489631653,-1,-1,-1
53,0,588.908935546875,150.34774780273438,615.9865112304688,213.87591552734375,0.5920106172561646,-1,-1,-1
53,0,563.6243286132812,150.69778442382812,586.107177734375,211.564208984375,0.5625442266464233,-1,-1,-1
53,0,615.156005859375,148.84637451171875,638.9109497070312,211.945068359375,0.5190988779067993,-1,-1,-1
53,0,463.4585876464844,143.1049346923828,480.17620849609375,181.861328125,0.44629132747650146,-1,-1,-1
53,0,532.2247314453125,143.76351928710938,584.6151123046875,210.62081909179688,0.26485389471054077,-1,-1,-1
53,0,435.8460693359375,144.59632873535156,456.6716613769531,181.21739196777344,0.2550869882106781,-1,-1,-1
54,0,731.118408203125,122.47391510009766,846.7747802734375,367.7145080566406,0.8652322888374329,-1,-1,-1
54,0,870.9888305664062,139.1875457763672,954.43408203125,366.81207275390625,0.8544775247573853,-1,-1,-1
54,0,331.2874450683594,161.38926696777344,432.6910095214844,330.6478576660156,0.6756426095962524,-1,-1,-1
54,0,587.5040283203125,143.9829559326172,615.8670654296875,226.5634765625,0.6729713082313538,-1,-1,-1
54,0,532.8857421875,136.88119506835938,556.6604614257812,206.84683227539062,0.6335275769233704,-1,-1,-1
54,0,560.8645629882812,150.29037475585938,583.6830444335938,213.1685333251953,0.6134441494941711,-1,-1,-1
54,0,619.2040405273438,149.7403106689453,639.2312622070312,212.5675506591797,0.5369569659233093,-1,-1,-1
54,0,463.52264404296875,142.7397918701172,480.01422119140625,182.2787628173828,0.41400405764579773,-1,-1,-1
54,0,539.3897705078125,143.50320434570312,569.9356079101562,213.0190887451172,0.3374963402748108,-1,-1,-1
54,0,483.78179931640625,144.14723205566406,504.0400390625,184.91416931152344,0.2537478804588318,-1,-1,-1
55,0,749.9258422851562,117.23757934570312,869.20654296875,368.21478271484375,0.8959450125694275,-1,-1,-1
55,0,876.4972534179688,139.99766540527344,1001.0413818359375,368.9711608886719,0.8476884365081787,-1,-1,-1
55,0,586.7526245117188,145.81019592285156,619.290771484375,228.85362243652344,0.67731773853302,-1,-1,-1
55,0,531.5148315429688,136.73651123046875,556.5469360351562,214.87594604492188,0.6270599365234375,-1,-1,-1
55,0,563.3590087890625,148.39572143554688,585.4287109375,214.05703735351562,0.6226218342781067,-1,-1,-1
55,0,620.896484375,151.1868438720703,640.95166015625,211.5480499267578,0.6061398983001709,-1,-1,-1
55,0,317.00347900390625,156.75994873046875,395.6136474609375,328.9937744140625,0.41227519512176514,-1,-1,-1
55,0,601.2528076171875,144.58917236328125,640.3091430664062,212.9479217529297,0.3589800000190735,-1,-1,-1
55,0,463.40667724609375,142.41590881347656,479.64849853515625,183.26419067382812,0.31956979632377625,-1,-1,-1
55,0,433.24871826171875,142.5946502685547,450.5101318359375,181.61782836914062,0.2908483147621155,-1,-1,-1
55,0,533.1409912109375,144.1790771484375,587.230712890625,214.80035400390625,0.2745330035686493,-1,-1,-1
56,0,881.1197509765625,142.56845092773438,1043.531982421875,370.0,0.9036319851875305,-1,-1,-1
56,0,777.5783081054688,110.48422241210938,895.5913696289062,369.7304382324219,0.880075991153717,-1,-1,-1
56,0,534.9290771484375,131.3123016357422,558.300048828125,214.9051513671875,0.7049738168716431,-1,-1,-1
56,0,590.0065307617188,146.34327697753906,622.9483642578125,230.6354217529297,0.6618660092353821,-1,-1,-1
56,0,564.185302734375,147.09889221191406,585.6326293945312,215.79501342773438,0.6426950097084045,-1,-1,-1
56,0,622.5507202148438,147.66114807128906,643.5360107421875,213.06832885742188,0.624680757522583,-1,-1,-1
56,0,323.7412414550781,160.1744384765625,381.146240234375,328.68505859375,0.6215227246284485,-1,-1,-1
56,0,460.99957275390625,141.7433624267578,477.5615539550781,181.1499786376953,0.40909871459007263,-1,-1,-1
56,0,601.2808837890625,145.2742919921875,633.5045166015625,214.8992919921875,0.3930085599422455,-1,-1,-1
57,0,822.809326171875,107.05104064941406,935.1565551757812,367.6138916015625,0.9018266201019287,-1,-1,-1
57,0,920.3477783203125,140.50962829589844,1071.40283203125,370.0,0.8668684363365173,-1,-1,-1
57,0,593.337646484375,149.424072265625,625.4142456054688,231.4738311767578,0.7108654379844666,-1,-1,-1
57,0,535.18212890625,135.6143341064453,561.4246215820312,215.67457580566406,0.6833021640777588,-1,-1,-1
57,0,566.5087280273438,149.8716583251953,588.4076538085938,216.36932373046875,0.671261191368103,-1,-1,-1
57,0,625.00439453125,149.4052734375,645.4420166015625,214.95724487304688,0.5935658812522888,-1,-1,-1
57,0,286.2641296386719,159.54176330566406,366.00244140625,328.64373779296875,0.5710983872413635,-1,-1,-1
57,0,604.37744140625,145.68370056152344,643.078125,217.56207275390625,0.3475869297981262,-1,-1,-1
57,0,459.3233337402344,141.46035766601562,475.77294921875,182.25341796875,0.34705689549446106,-1,-1,-1
58,0,849.3822631835938,111.10265350341797,947.603759765625,367.55780029296875,0.8789978623390198,-1,-1,-1
58,0,970.8486328125,133.3353271484375,1084.86767578125,366.29388427734375,0.8789173364639282,-1,-1,-1
58,0,594.9248657226562,148.11607360839844,629.9628295898438,235.22911071777344,0.734809160232544,-1,-1,-1
58,0,535.0416870117188,136.33685302734375,562.7808837890625,217.32688903808594,0.7204034328460693,-1,-1,-1
58,0,566.5821533203125,147.86424255371094,590.905029296875,217.1659698486328,0.6592060327529907,-1,-1,-1
58,0,270.5139465332031,164.6107635498047,361.87823486328125,329.58819580078125,0.6033511161804199,-1,-1,-1
58,0,627.0050659179688,152.29473876953125,647.000732421875,217.90887451171875,0.49863022565841675,-1,-1,-1
58,0,459.1631164550781,140.20909118652344,479.304931640625,185.15634155273438,0.40974292159080505,-1,-1,-1
58,0,470.2546691894531,139.9881591796875,489.3488464355469,185.86880493164062,0.27611902356147766,-1,-1,-1
58,0,416.3381042480469,141.44337463378906,440.6353454589844,180.0997314453125,0.25125637650489807,-1,-1,-1
59,0,850.7479248046875,115.61003112792969,984.90673828125,368.7264404296875,0.8945788741111755,-1,-1,-1
59,0,997.8345336914062,130.02427673339844,1089.40478515625,367.6875915527344,0.8578636050224304,-1,-1,-1
59,0,600.4829711914062,142.9147491455078,633.9013671875,234.99270629882812,0.7172102332115173,-1,-1,-1
59,0,537.1895141601562,136.2872772216797,563.346435546875,216.5010223388672,0.6678458452224731,-1,-1,-1
59,0,258.7552185058594,154.25001525878906,325.5141296386719,318.9402770996094,0.6527352333068848,-1,-1,-1
59,0,566.33740234375,149.3850555419922,591.8030395507812,217.96871948242188,0.6314219236373901,-1,-1,-1
59,0,460.0603332519531,140.50013732910156,478.05059814453125,184.3015594482422,0.38599440455436707,-1,-1,-1
59,0,631.73095703125,145.7090606689453,650.5264282226562,203.2144775390625,0.3702176511287689,-1,-1,-1
59,0,538.2859497070312,140.97164916992188,593.4276733398438,216.96861267089844,0.3148932158946991,-1,-1,-1
59,0,408.5020751953125,142.90196228027344,430.1123046875,182.6226348876953,0.25300049781799316,-1,-1,-1
60,0,1018.30322265625,133.36228942871094,1129.4176025390625,367.8155212402344,0.8947446942329407,-1,-1,-1
60,0,908.3165283203125,111.94709777832031,1011.7501220703125,368.9276428222656,0.8768478631973267,-1,-1,-1
60,0,257.18511962890625,158.9440460205078,309.3265380859375,317.7568359375,0.7714367508888245,-1,-1,-1
60,0,605.5916137695312,141.62139892578125,641.07080078125,237.03512573242188,0.6718198657035828,-1,-1,-1
60,0,540.4985961914062,134.64398193359375,566.067626953125,218.5653076171875,0.6459609270095825,-1,-1,-1
60,0,566.146728515625,142.9996795654297,595.9044189453125,220.18655395507812,0.558724045753479,-1,-1,-1
60,0,460.2806091308594,141.47442626953125,482.1240234375,188.396728515625,0.41583070158958435,-1,-1,-1
60,0,544.4041748046875,138.34645080566406,590.2523193359375,218.0717315673828,0.3915210962295532,-1,-1,-1
60,0,633.7529907226562,146.30477905273438,656.3118896484375,198.1134033203125,0.34187212586402893,-1,-1,-1
60,0,426.446044921875,140.8337860107422,444.01153564453125,178.0885467529297,0.3369045555591583,-1,-1,-1
60,0,404.24945068359375,144.51596069335938,423.2825012207031,180.63861083984375,0.33392131328582764,-1,-1,-1
61,0,933.0521850585938,112.7431640625,1052.0982666015625,362.39532470703125,0.8452563285827637,-1,-1,-1
61,0,1046.115234375,136.8566436767578,1158.3489990234375,366.13018798828125,0.8284943699836731,-1,-1,-1
61,0,605.948974609375,141.6708221435547,648.1420288085938,239.24998474121094,0.7257709503173828,-1,-1,-1
61,0,541.8501586914062,133.3739471435547,567.8840942382812,219.16079711914062,0.6373193264007568,-1,-1,-1
61,0,569.9927368164062,148.47752380371094,596.6337280273438,220.3762969970703,0.5384197235107422,-1,-1,-1
61,0,247.91561889648438,167.6602020263672,312.2342834472656,315.7558898925781,0.4867006838321686,-1,-1,-1
61,0,424.099609375,141.6642303466797,442.2951354980469,175.67417907714844,0.3490807116031647,-1,-1,-1
61,0,461.7716979980469,142.20480346679688,486.5075988769531,187.59988403320312,0.3342803120613098,-1,-1,-1
62,0,1084.728515625,138.6313934326172,1198.011962890625,365.9029846191406,0.8670087456703186,-1,-1,-1
62,0,955.3115844726562,103.16703033447266,1079.085693359375,368.0186767578125,0.8591631650924683,-1,-1,-1
62,0,610.5106811523438,143.36952209472656,654.7400512695312,242.82069396972656,0.7039763927459717,-1,-1,-1
62,0,541.06787109375,132.8307647705078,568.5534057617188,217.5856475830078,0.6486901640892029,-1,-1,-1
62,0,572.23828125,151.03961181640625,593.165771484375,217.9551239013672,0.5174957513809204,-1,-1,-1
62,0,458.98846435546875,140.39747619628906,480.07855224609375,187.669921875,0.48442378640174866,-1,-1,-1
62,0,422.8986511230469,141.36241149902344,441.29962158203125,177.75234985351562,0.35259342193603516,-1,-1,-1
62,0,396.0405578613281,144.39886474609375,414.7735290527344,181.03927612304688,0.26158079504966736,-1,-1,-1
63,0,964.7732543945312,105.8219223022461,1107.7191162109375,366.1969909667969,0.8939694166183472,-1,-1,-1
63,0,1127.52734375,131.20115661621094,1224.0,362.70172119140625,0.8572779297828674,-1,-1,-1
63,0,611.670166015625,146.25714111328125,656.3510131835938,244.18247985839844,0.7449790835380554,-1,-1,-1
63,0,572.2286376953125,146.7824249267578,595.7622680664062,218.58395385742188,0.6904471516609192,-1,-1,-1
63,0,542.1632690429688,134.99752807617188,569.7825317382812,220.11679077148438,0.5691038966178894,-1,-1,-1
63,0,454.4649963378906,140.21824645996094,476.2044372558594,187.08470153808594,0.4684906601905823,-1,-1,-1
63,0,422.50775146484375,141.38882446289062,440.5824890136719,172.82388305664062,0.3455541729927063,-1,-1,-1
63,0,630.2593994140625,148.22470092773438,660.8933715820312,225.5992889404297,0.283292680978775,-1,-1,-1
63,0,391.2314147949219,144.65447998046875,410.9491271972656,180.19178771972656,0.267517626285553,-1,-1,-1
64,0,983.8703002929688,110.56619262695312,1142.0106201171875,364.8218078613281,0.9091096520423889,-1,-1,-1
64,0,574.114013671875,147.47470092773438,598.3489379882812,217.60621643066406,0.7575520277023315,-1,-1,-1
64,0,616.3519897460938,144.31784057617188,655.7595825195312,246.51039123535156,0.735388457775116,-1,-1,-1
64,0,1165.849365234375,122.01959991455078,1223.9849853515625,366.35565185546875,0.6516907811164856,-1,-1,-1
64,0,546.2929077148438,136.54092407226562,570.011962890625,206.40316772460938,0.5342649221420288,-1,-1,-1
64,0,449.7103271484375,139.77740478515625,472.6631774902344,189.74169921875,0.47870030999183655,-1,-1,-1
64,0,423.0788269042969,142.56361389160156,440.57159423828125,173.75668334960938,0.3949459493160248,-1,-1,-1
64,0,517.5032348632812,142.74266052246094,530.8278198242188,172.1703643798828,0.25284507870674133,-1,-1,-1
65,0,1014.1875610351562,111.52596282958984,1178.3663330078125,365.69171142578125,0.8735062479972839,-1,-1,-1
65,0,575.6325073242188,147.37600708007812,600.73828125,221.80787658691406,0.7699646949768066,-1,-1,-1
65,0,625.3142700195312,142.92420959472656,662.487548828125,247.2479248046875,0.7530651688575745,-1,-1,-1
65,0,1198.6015625,189.5126495361328,1223.8494873046875,363.6045837402344,0.7060050368309021,-1,-1,-1
65,0,448.8902587890625,139.95266723632812,470.552490234375,194.94515991210938,0.6475376486778259,-1,-1,-1
65,0,547.7440185546875,136.36233520507812,571.5150146484375,209.92942810058594,0.41004621982574463,-1,-1,-1
65,0,516.35791015625,142.74822998046875,530.3357543945312,172.65660095214844,0.37975531816482544,-1,-1,-1
65,0,421.309326171875,141.68739318847656,440.6653747558594,176.33204650878906,0.3038228452205658,-1,-1,-1
66,0,1081.2117919921875,103.46019744873047,1222.009521484375,366.76055908203125,0.8935558795928955,-1,-1,-1
66,0,629.3224487304688,140.91204833984375,667.2294921875,248.94935607910156,0.8008984923362732,-1,-1,-1
66,0,575.8464965820312,150.685302734375,602.8211059570312,220.8099822998047,0.7449676394462585,-1,-1,-1
66,0,447.2922058105469,141.4630889892578,468.50054931640625,193.74623107910156,0.5679988861083984,-1,-1,-1
66,0,548.0338134765625,137.15000915527344,572.8133544921875,220.87979125976562,0.5382694005966187,-1,-1,-1
66,0,514.1742553710938,142.77572631835938,529.9702758789062,173.9754180908203,0.36839917302131653,-1,-1,-1
66,0,416.522705078125,139.51785278320312,435.4296569824219,174.0360565185547,0.3501349091529846,-1,-1,-1
67,0,1134.764404296875,99.95645904541016,1223.8004150390625,366.6312561035156,0.884340226650238,-1,-1,-1
67,0,631.9203491210938,144.2392578125,674.4656372070312,250.19635009765625,0.8414056301116943,-1,-1,-1
67,0,577.2542724609375,149.70440673828125,606.0252075195312,220.37171936035156,0.7593320608139038,-1,-1,-1
67,0,548.7786254882812,136.9463348388672,573.1619262695312,221.3771514892578,0.6172981858253479,-1,-1,-1
67,0,443.90582275390625,141.0808868408203,467.0540466308594,195.82167053222656,0.4823996424674988,-1,-1,-1
67,0,513.3389892578125,142.22227478027344,528.3295288085938,173.68081665039062,0.33422964811325073,-1,-1,-1
67,0,415.5823669433594,141.05967712402344,433.4900817871094,174.4905548095703,0.3233201801776886,-1,-1,-1
68,0,635.2628173828125,144.12496948242188,675.0118408203125,251.44427490234375,0.826513946056366,-1,-1,-1
68,0,579.31884765625,148.19105529785156,607.176025390625,221.83998107910156,0.7537801861763,-1,-1,-1
68,0,547.9130859375,139.81983947753906,574.5288696289062,225.79197692871094,0.6918768286705017,-1,-1,-1
68,0,1181.6236572265625,159.10755920410156,1223.9232177734375,366.68212890625,0.6484283804893494,-1,-1,-1
68,0,511.4876708984375,142.86785888671875,526.6556396484375,173.6376495361328,0.5423404574394226,-1,-1,-1
68,0,442.2537841796875,140.46200561523438,463.91754150390625,188.47543334960938,0.3547264635562897,-1,-1,-1
68,0,412.8460693359375,141.03456115722656,431.9454345703125,175.2992401123047,0.29491275548934937,-1,-1,-1
69,0,641.1881103515625,142.792236328125,681.6915893554688,252.56175231933594,0.8018055558204651,-1,-1,-1
69,0,549.4342041015625,142.14198303222656,575.5906372070312,222.96621704101562,0.6991657614707947,-1,-1,-1
69,0,581.3846435546875,148.4279022216797,609.4774780273438,223.3321075439453,0.6827698945999146,-1,-1,-1
69,0,510.6371765136719,143.4622039794922,526.5069580078125,173.6179656982422,0.5306246280670166,-1,-1,-1
69,0,439.2928771972656,139.8958740234375,460.6362609863281,191.88565063476562,0.492830365896225,-1,-1,-1
69,0,413.0896911621094,140.453857421875,430.9267272949219,176.78582763671875,0.349904328584671,-1,-1,-1
70,0,645.8590698242188,141.00689697265625,685.9315795898438,252.82843017578125,0.7961426973342896,-1,-1,-1
70,0,549.2081298828125,138.67176818847656,576.841552734375,224.52371215820312,0.7015858888626099,-1,-1,-1
70,0,585.0677490234375,143.48573303222656,612.5151977539062,222.59149169921875,0.6725554466247559,-1,-1,-1
70,0,510.0354309082031,143.21401977539062,525.3408203125,174.72747802734375,0.5922871828079224,-1,-1,-1
70,0,438.42608642578125,139.04017639160156,458.1667785644531,182.6829833984375,0.3569823205471039,-1,-1,-1
70,0,410.5892639160156,140.67636108398438,429.5407409667969,175.44361877441406,0.2783012390136719,-1,-1,-1
71,0,649.0735473632812,143.2691192626953,694.1520385742188,255.677978515625,0.7808532118797302,-1,-1,-1
71,0,549.568359375,132.91148376464844,578.4085083007812,226.04002380371094,0.7661855220794678,-1,-1,-1
71,0,587.6815795898438,142.5170135498047,618.4155883789062,224.59036254882812,0.7052817344665527,-1,-1,-1
71,0,508.86737060546875,142.92420959472656,521.7235107421875,172.90902709960938,0.5207293033599854,-1,-1,-1
71,0,434.274169921875,140.89122009277344,458.00018310546875,191.697021484375,0.4289455711841583,-1,-1,-1
71,0,410.0516357421875,140.73483276367188,429.8161926269531,177.71995544433594,0.2846837341785431,-1,-1,-1
72,0,653.99267578125,144.8794708251953,702.0724487304688,258.7268981933594,0.7626647353172302,-1,-1,-1
72,0,549.800537109375,130.9613037109375,577.993896484375,225.89198303222656,0.7325037717819214,-1,-1,-1
72,0,589.32861328125,144.27926635742188,619.3714599609375,223.90328979492188,0.7083917260169983,-1,-1,-1
72,0,507.54974365234375,142.40284729003906,520.7910766601562,174.80686950683594,0.5636674761772156,-1,-1,-1
72,0,436.0112609863281,139.73660278320312,454.99810791015625,189.19656372070312,0.3975893259048462,-1,-1,-1
73,0,660.928955078125,144.75955200195312,706.4529418945312,264.8710632324219,0.7556324005126953,-1,-1,-1
73,0,594.5884399414062,148.3089141845703,621.0870361328125,225.45179748535156,0.72368323802948,-1,-1,-1
73,0,550.6039428710938,135.35079956054688,579.5194091796875,229.81259155273438,0.6218997836112976,-1,-1,-1
73,0,505.3709716796875,142.4471893310547,519.3430786132812,175.15147399902344,0.3985695540904999,-1,-1,-1
73,0,653.6489868164062,154.2804412841797,675.1725463867188,217.79071044921875,0.3340393602848053,-1,-1,-1
73,0,536.7005004882812,146.59657287597656,554.6663208007812,181.056396484375,0.2984507977962494,-1,-1,-1
74,0,596.9574584960938,146.36224365234375,624.2683715820312,226.5251007080078,0.6892078518867493,-1,-1,-1
74,0,665.4642333984375,144.79910278320312,713.7102661132812,261.2465515136719,0.6672723889350891,-1,-1,-1
74,0,551.8898315429688,133.9412078857422,580.3516845703125,230.06399536132812,0.6656767129898071,-1,-1,-1
74,0,502.4491882324219,143.08485412597656,517.70458984375,174.58209228515625,0.3731555938720703,-1,-1,-1
74,0,531.683837890625,141.78562927246094,551.7918090820312,182.56224060058594,0.34766918420791626,-1,-1,-1
74,0,656.1234130859375,152.56114196777344,680.0598754882812,220.7485809326172,0.30679941177368164,-1,-1,-1
74,0,409.7032775878906,140.04322814941406,427.1099548339844,183.18890380859375,0.254411906003952,-1,-1,-1
75,0,677.4963989257812,143.47169494628906,718.9005126953125,262.569091796875,0.7178389430046082,-1,-1,-1
75,0,598.8820190429688,144.4212646484375,630.9136962890625,225.92213439941406,0.7024049162864685,-1,-1,-1
75,0,554.0852661132812,133.65089416503906,581.5233154296875,231.6577911376953,0.6921120285987854,-1,-1,-1
75,0,500.8026428222656,144.14793395996094,516.4998779296875,174.7393341064453,0.38782772421836853,-1,-1,-1
75,0,432.6020812988281,139.3477783203125,450.903076171875,184.20391845703125,0.2786961495876312,-1,-1,-1
76,0,681.3262329101562,145.26539611816406,730.3646240234375,264.7705383300781,0.7990814447402954,-1,-1,-1
76,0,599.1583862304688,145.8106231689453,635.478515625,227.13259887695312,0.7693957090377808,-1,-1,-1
76,0,548.4656372070312,131.1578826904297,581.551025390625,232.78639221191406,0.7181986570358276,-1,-1,-1
76,0,659.7957153320312,152.85824584960938,686.2640380859375,233.4941864013672,0.36936405301094055,-1,-1,-1
76,0,431.3915710449219,139.97579956054688,448.75396728515625,183.11651611328125,0.26816821098327637,-1,-1,-1
77,0,685.5537719726562,146.78961181640625,737.2373657226562,266.5369567871094,0.8541901707649231,-1,-1,-1
77,0,601.5494995117188,146.2483367919922,640.195556640625,227.7071990966797,0.8086051344871521,-1,-1,-1
77,0,553.3115844726562,129.43411254882812,583.2491455078125,232.89828491210938,0.7838387489318848,-1,-1,-1
77,0,665.1642456054688,148.35948181152344,693.1456298828125,231.13385009765625,0.6055426597595215,-1,-1,-1
77,0,497.0857849121094,144.10867309570312,512.5960083007812,177.9931182861328,0.503410816192627,-1,-1,-1
77,0,427.6322937011719,138.34207153320312,445.4451904296875,183.63519287109375,0.3035898506641388,-1,-1,-1
78,0,687.5579833984375,146.13555908203125,739.289306640625,270.8010559082031,0.8471023440361023,-1,-1,-1
78,0,605.673095703125,149.1846923828125,642.1654052734375,228.15969848632812,0.8147662878036499,-1,-1,-1
78,0,554.9273681640625,131.6697998046875,584.2752075195312,233.8345184326172,0.7721865773200989,-1,-1,-1
78,0,668.3413696289062,145.88304138183594,694.3873901367188,228.2491455078125,0.6287358403205872,-1,-1,-1
78,0,424.1714172363281,138.1079864501953,443.27301025390625,184.8135986328125,0.5078167915344238,-1,-1,-1
78,0,495.37493896484375,142.81036376953125,511.43463134765625,177.98855590820312,0.4188779592514038,-1,-1,-1
79,0,701.8388061523438,144.27610778808594,746.5747680664062,272.27435302734375,0.8405621647834778,-1,-1,-1
79,0,556.4173583984375,134.10711669921875,586.44677734375,232.9310760498047,0.7829527258872986,-1,-1,-1
79,0,608.726806640625,147.37940979003906,641.8395385742188,228.65101623535156,0.77407306432724,-1,-1,-1
79,0,669.4351806640625,146.09568786621094,699.7242431640625,225.4332733154297,0.581258237361908,-1,-1,-1
79,0,423.7574768066406,138.93777465820312,442.8254089355469,186.45098876953125,0.3934457004070282,-1,-1,-1
79,0,513.6272583007812,145.81283569335938,530.937255859375,178.91461181640625,0.32105064392089844,-1,-1,-1
79,0,573.8406982421875,144.71051025390625,646.2809448242188,229.4594268798828,0.31734946370124817,-1,-1,-1
79,0,493.8561096191406,144.19056701660156,511.08099365234375,177.76748657226562,0.29968786239624023,-1,-1,-1
80,0,709.1734008789062,139.9220733642578,754.1978759765625,274.5243225097656,0.8407851457595825,-1,-1,-1
80,0,556.8881225585938,134.7056427001953,587.6212158203125,236.0787353515625,0.8167459964752197,-1,-1,-1
80,0,607.7010498046875,145.9502410888672,643.4144897460938,229.62652587890625,0.7235735654830933,-1,-1,-1
80,0,669.3436889648438,149.01010131835938,701.9033203125,226.50692749023438,0.6897315382957458,-1,-1,-1
80,0,422.1980895996094,137.78335571289062,442.0943298339844,188.65792846679688,0.4344998896121979,-1,-1,-1
81,0,711.988525390625,143.2041473388672,765.2225341796875,274.4736022949219,0.8123263716697693,-1,-1,-1
81,0,555.7465209960938,130.89666748046875,590.5199584960938,234.91624450683594,0.8099744915962219,-1,-1,-1
81,0,610.3601684570312,147.6702880859375,647.9727783203125,232.67877197265625,0.747136652469635,-1,-1,-1
81,0,670.9363403320312,151.40234375,704.102783203125,227.20420837402344,0.6863343119621277,-1,-1,-1
81,0,512.6362915039062,146.19900512695312,526.5543212890625,178.59153747558594,0.45389774441719055,-1,-1,-1
81,0,419.360107421875,137.93531799316406,440.72784423828125,182.29702758789062,0.3088049590587616,-1,-1,-1
81,0,491.7870788574219,144.8521728515625,508.53521728515625,177.33175659179688,0.25976255536079407,-1,-1,-1
82,0,715.7289428710938,146.9131622314453,770.5737915039062,284.78985595703125,0.8508515357971191,-1,-1,-1
82,0,557.9061889648438,130.56776428222656,594.8505859375,235.20994567871094,0.7995008826255798,-1,-1,-1
82,0,615.5696411132812,148.4892578125,651.12353515625,232.47084045410156,0.7577716708183289,-1,-1,-1
82,0,675.6154174804688,150.37030029296875,707.0027465820312,228.16197204589844,0.7206634879112244,-1,-1,-1
82,0,486.74334716796875,143.64244079589844,502.1805725097656,176.8030242919922,0.4075259864330292,-1,-1,-1
82,0,417.04998779296875,137.16639709472656,438.4613342285156,181.83001708984375,0.3100779354572296,-1,-1,-1
82,0,510.4366455078125,145.9973907470703,524.5316162109375,178.65296936035156,0.3040527105331421,-1,-1,-1
83,0,725.3646240234375,147.90499877929688,780.0120849609375,286.6199645996094,0.8001310229301453,-1,-1,-1
83,0,615.0531005859375,143.67752075195312,653.5443725585938,233.29693603515625,0.7603602409362793,-1,-1,-1
83,0,676.7953491210938,148.61158752441406,710.706298828125,229.86251831054688,0.756018340587616,-1,-1,-1
83,0,560.7313842773438,130.3950653076172,595.2503662109375,233.845947265625,0.7411100268363953,-1,-1,-1
83,0,416.5039978027344,139.34674072265625,436.4774475097656,182.67042541503906,0.3936544954776764,-1,-1,-1
83,0,509.2448425292969,145.39854431152344,523.7280883789062,177.9418182373047,0.34933164715766907,-1,-1,-1
83,0,484.9317321777344,143.57260131835938,500.774169921875,177.357666015625,0.3262403607368469,-1,-1,-1
84,0,556.5280151367188,126.20310974121094,596.9397583007812,241.73968505859375,0.8090202808380127,-1,-1,-1
84,0,621.7109375,147.25848388671875,656.9634399414062,235.40599060058594,0.8068215250968933,-1,-1,-1
84,0,732.7222290039062,146.44114685058594,788.9016723632812,288.73333740234375,0.7696043252944946,-1,-1,-1
84,0,680.2197265625,149.40298461914062,713.378662109375,232.15396118164062,0.7641754150390625,-1,-1,-1
84,0,508.0335693359375,145.62530517578125,522.2221069335938,179.5927734375,0.34456729888916016,-1,-1,-1
84,0,481.7481384277344,142.82920837402344,499.3709411621094,177.7740936279297,0.2783280909061432,-1,-1,-1
85,0,746.1878051757812,144.73704528808594,795.97265625,289.7369079589844,0.8200632333755493,-1,-1,-1
85,0,681.6375122070312,151.04273986816406,717.670166015625,234.17869567871094,0.8082903623580933,-1,-1,-1
85,0,622.538330078125,148.26950073242188,660.1301879882812,236.10870361328125,0.8007588982582092,-1,-1,-1
85,0,553.375244140625,130.2569122314453,598.748779296875,240.0778045654297,0.7544271349906921,-1,-1,-1
85,0,501.783935546875,145.90089416503906,518.0529174804688,179.3418426513672,0.30885687470436096,-1,-1,-1
85,0,478.53802490234375,142.47410583496094,498.89593505859375,178.00193786621094,0.3077442944049835,-1,-1,-1
85,0,415.2366638183594,140.08811950683594,430.9024353027344,183.36175537109375,0.29016000032424927,-1,-1,-1
86,0,749.1126098632812,149.71456909179688,810.2589111328125,292.2066650390625,0.8285573124885559,-1,-1,-1
86,0,625.2408447265625,146.37550354003906,665.1227416992188,238.5006103515625,0.8022892475128174,-1,-1,-1
86,0,682.4818725585938,151.9334259033203,718.6959228515625,235.45242309570312,0.776443362236023,-1,-1,-1
86,0,560.1912841796875,127.8407974243164,599.964111328125,246.08631896972656,0.610024631023407,-1,-1,-1
86,0,479.3156433105469,141.06689453125,497.1414794921875,178.47915649414062,0.5306898355484009,-1,-1,-1
86,0,375.6296081542969,140.84716796875,395.7272644042969,177.08407592773438,0.2915545701980591,-1,-1,-1
86,0,501.781494140625,145.32041931152344,515.98583984375,176.5530548095703,0.2564889192581177,-1,-1,-1
87,0,749.2418212890625,149.4880828857422,813.995849609375,297.72998046875,0.8563390374183655,-1,-1,-1
87,0,626.7750854492188,147.32293701171875,667.5693359375,241.3353271484375,0.8260729908943176,-1,-1,-1
87,0,570.3046264648438,126.0034408569336,603.8875122070312,243.31089782714844,0.7522283792495728,-1,-1,-1
87,0,683.8563232421875,150.77137756347656,721.356201171875,235.82215881347656,0.749032735824585,-1,-1,-1
87,0,476.41070556640625,141.30259704589844,494.5461730957031,178.55519104003906,0.3981485068798065,-1,-1,-1
87,0,409.6283874511719,139.80697631835938,434.2249755859375,183.271240234375,0.2903844118118286,-1,-1,-1
87,0,499.5446472167969,145.9907989501953,513.7509765625,180.24600219726562,0.2843371033668518,-1,-1,-1
88,0,750.5667724609375,149.00018310546875,819.1871948242188,298.162109375,0.8560820817947388,-1,-1,-1
88,0,572.4664306640625,123.30066680908203,606.927734375,243.43348693847656,0.8099226951599121,-1,-1,-1
88,0,627.8367309570312,146.4210662841797,667.5076904296875,240.9261016845703,0.7966991662979126,-1,-1,-1
88,0,689.4288940429688,148.37158203125,725.549072265625,236.7500762939453,0.46963414549827576,-1,-1,-1
88,0,475.2989501953125,139.99130249023438,492.7209167480469,178.4436492919922,0.3329049348831177,-1,-1,-1
89,0,779.2546997070312,148.35061645507812,825.3777465820312,299.41168212890625,0.8508371114730835,-1,-1,-1
89,0,574.3572998046875,124.240234375,609.8687133789062,243.83804321289062,0.7886111736297607,-1,-1,-1
89,0,631.8720703125,145.51483154296875,671.464599609375,238.82310485839844,0.7825507521629333,-1,-1,-1
89,0,696.1588745117188,150.08164978027344,735.3223266601562,234.8275909423828,0.7255592346191406,-1,-1,-1
89,0,474.7875061035156,142.27761840820312,490.5780029296875,178.81533813476562,0.39699476957321167,-1,-1,-1
90,0,786.9353637695312,147.00247192382812,837.8817749023438,302.17510986328125,0.8288002610206604,-1,-1,-1
90,0,577.451904296875,129.2141571044922,614.5050659179688,246.50123596191406,0.8051238656044006,-1,-1,-1
90,0,631.5825805664062,144.49624633789062,672.809814453125,244.34921264648438,0.7875986695289612,-1,-1,-1
90,0,699.1004638671875,151.85858154296875,737.2520751953125,236.6760711669922,0.6831934452056885,-1,-1,-1
90,0,470.7242126464844,143.33935546875,486.4697265625,180.9531707763672,0.43893057107925415,-1,-1,-1
91,0,579.9137573242188,129.94732666015625,617.1026611328125,245.0482177734375,0.8150760531425476,-1,-1,-1
91,0,789.247314453125,152.0243682861328,854.3958129882812,308.6710510253906,0.8115996718406677,-1,-1,-1
91,0,633.7744140625,147.8480682373047,672.4195556640625,241.44581604003906,0.7524546384811401,-1,-1,-1
91,0,704.2838134765625,152.82427978515625,737.5671997070312,237.972412109375,0.6855506300926208,-1,-1,-1
91,0,241.7643280029297,150.88438415527344,264.2103576660156,207.33555603027344,0.33627283573150635,-1,-1,-1
91,0,467.982666015625,143.03257751464844,483.7051086425781,179.5246124267578,0.3052341341972351,-1,-1,-1
92,0,794.7341918945312,150.42364501953125,865.7625732421875,321.3635559082031,0.8807056546211243,-1,-1,-1
92,0,583.10888671875,131.91603088378906,620.7521362304688,248.36146545410156,0.8067691326141357,-1,-1,-1
92,0,634.6589965820312,147.9176483154297,674.0186767578125,247.10369873046875,0.7206971049308777,-1,-1,-1
92,0,707.9193725585938,148.69593811035156,742.0967407226562,235.7828826904297,0.6906314492225647,-1,-1,-1
92,0,465.7154541015625,143.35020446777344,481.93231201171875,179.19410705566406,0.4258250296115875,-1,-1,-1
92,0,578.8016357421875,141.5509033203125,671.9917602539062,246.64910888671875,0.35071152448654175,-1,-1,-1
92,0,399.0661315917969,140.4853515625,414.8335876464844,175.99607849121094,0.30171287059783936,-1,-1,-1
92,0,488.2483215332031,148.2843475341797,504.90185546875,180.852783203125,0.2556764483451843,-1,-1,-1
93,0,586.0443725585938,128.95343017578125,622.8485107421875,249.4247283935547,0.8203048706054688,-1,-1,-1
93,0,810.8958129882812,150.97018432617188,878.2173461914062,319.8733215332031,0.8163401484489441,-1,-1,-1
93,0,712.4060668945312,149.676513671875,745.577392578125,241.43331909179688,0.7783191800117493,-1,-1,-1
93,0,634.2816162109375,146.70974731445312,677.5615234375,248.6684112548828,0.7550327777862549,-1,-1,-1
93,0,463.82916259765625,143.10006713867188,481.0139465332031,177.6259002685547,0.5244144201278687,-1,-1,-1
93,0,393.62518310546875,140.6370391845703,413.44317626953125,175.47789001464844,0.27944865822792053,-1,-1,-1
94,0,588.4168701171875,129.76513671875,625.675048828125,254.5830535888672,0.8224215507507324,-1,-1,-1
94,0,833.18701171875,149.3204345703125,890.1681518554688,319.8284912109375,0.8090266585350037,-1,-1,-1
94,0,637.9902954101562,142.97796630859375,677.5419311523438,248.19679260253906,0.7761929631233215,-1,-1,-1
94,0,713.7670288085938,153.36114501953125,750.8137817382812,242.3726806640625,0.742125391960144,-1,-1,-1
94,0,462.16192626953125,142.8810272216797,478.0993347167969,176.47898864746094,0.4406263530254364,-1,-1,-1
95,0,839.3191528320312,150.1680145263672,906.2090454101562,326.30548095703125,0.8572378754615784,-1,-1,-1
95,0,586.9193115234375,132.12782287597656,628.568115234375,254.13836669921875,0.8230950832366943,-1,-1,-1
95,0,640.4761962890625,146.4412841796875,683.09375,247.56239318847656,0.7619242072105408,-1,-1,-1
95,0,718.1234741210938,152.19271850585938,753.4679565429688,244.75332641601562,0.7447431087493896,-1,-1,-1
95,0,440.027587890625,145.8232879638672,456.4961242675781,191.17628479003906,0.45307523012161255,-1,-1,-1
95,0,483.1894226074219,146.7215576171875,496.98291015625,181.34353637695312,0.3980187177658081,-1,-1,-1
95,0,460.60028076171875,144.4403076171875,476.0384826660156,180.36676025390625,0.37152227759361267,-1,-1,-1
95,0,393.4317932128906,142.04360961914062,410.63543701171875,177.56134033203125,0.36648398637771606,-1,-1,-1
96,0,841.7261962890625,152.5299835205078,938.1578979492188,330.93450927734375,0.8768392205238342,-1,-1,-1
96,0,588.40087890625,132.45643615722656,631.7874755859375,258.6525573730469,0.8170199990272522,-1,-1,-1
96,0,726.380859375,149.74685668945312,758.0777587890625,244.2479705810547,0.7805154919624329,-1,-1,-1
96,0,641.7179565429688,148.7238311767578,683.90185546875,251.74266052246094,0.7772477269172668,-1,-1,-1
96,0,452.7721862792969,144.14808654785156,473.68499755859375,182.3651885986328,0.3868430256843567,-1,-1,-1
96,0,479.8883056640625,145.4918975830078,494.5646057128906,181.4346160888672,0.37999650835990906,-1,-1,-1
96,0,550.1213989257812,142.6061248779297,565.6658325195312,179.7214813232422,0.37863650918006897,-1,-1,-1
97,0,845.00390625,152.51612854003906,945.2805786132812,338.86822509765625,0.891955554485321,-1,-1,-1
97,0,589.4777221679688,131.13003540039062,634.8810424804688,259.9590148925781,0.850667417049408,-1,-1,-1
97,0,644.1194458007812,150.37667846679688,688.658935546875,254.4022674560547,0.8217930197715759,-1,-1,-1
97,0,726.7577514648438,149.6382598876953,763.5438232421875,245.06190490722656,0.7469534873962402,-1,-1,-1
97,0,546.927734375,139.815673828125,563.56884765625,179.59991455078125,0.4677259922027588,-1,-1,-1
97,0,477.3408508300781,146.03176879882812,492.4997253417969,182.84030151367188,0.44798505306243896,-1,-1,-1
97,0,451.7855224609375,143.88766479492188,471.0806579589844,182.19284057617188,0.42657142877578735,-1,-1,-1
98,0,863.3857421875,148.19522094726562,945.70166015625,343.745361328125,0.8736775517463684,-1,-1,-1
98,0,646.5674438476562,149.3219757080078,689.16015625,257.5504455566406,0.8284283876419067,-1,-1,-1
98,0,598.4151000976562,131.6405792236328,638.544677734375,262.7861328125,0.8246428370475769,-1,-1,-1
98,0,733.3309936523438,149.89019775390625,771.28076171875,236.9265594482422,0.5937928557395935,-1,-1,-1
98,0,451.5155029296875,144.44308471679688,468.38970947265625,184.8647918701172,0.4748366177082062,-1,-1,-1
98,0,547.9697265625,144.07916259765625,563.8898315429688,182.07106018066406,0.41402268409729004,-1,-1,-1
98,0,477.2192687988281,146.7447052001953,492.6138916015625,183.04132080078125,0.39372116327285767,-1,-1,-1
98,0,459.8504943847656,145.07443237304688,485.3458557128906,184.61532592773438,0.2525041699409485,-1,-1,-1
99,0,901.3318481445312,148.44125366210938,959.9514770507812,339.5459289550781,0.8752248883247375,-1,-1,-1
99,0,604.8339233398438,129.6110076904297,642.2113647460938,259.2086181640625,0.8286906480789185,-1,-1,-1
99,0,647.6882934570312,146.49188232421875,692.7254028320312,258.83258056640625,0.8190966844558716,-1,-1,-1
99,0,736.4071044921875,151.6414337158203,780.2235107421875,245.97080993652344,0.7501182556152344,-1,-1,-1
99,0,451.9566650390625,142.0297393798828,467.08795166015625,182.2063751220703,0.4582972228527069,-1,-1,-1
99,0,473.4028015136719,146.87002563476562,489.6363830566406,183.03506469726562,0.4101864993572235,-1,-1,-1
99,0,546.4345703125,147.00204467773438,564.3152465820312,181.725341796875,0.2974994480609894,-1,-1,-1
100,0,738.8109130859375,152.7187957763672,783.5176391601562,248.63217163085938,0.8012959957122803,-1,-1,-1
100,0,606.029296875,127.71418762207031,648.4960327148438,263.6470642089844,0.7958001494407654,-1,-1,-1
100,0,651.8809814453125,145.76446533203125,698.6092529296875,261.18511962890625,0.7854151725769043,-1,-1,-1
100,0,912.8574829101562,148.44906616210938,977.9032592773438,354.1585693359375,0.7815653085708618,-1,-1,-1
100,0,447.983642578125,141.86949157714844,466.1396484375,182.0486297607422,0.42937517166137695,-1,-1,-1
100,0,545.4288940429688,141.91909790039062,564.71826171875,181.59246826171875,0.41076910495758057,-1,-1,-1
100,0,469.1617431640625,145.08126831054688,486.51470947265625,183.2267608642578,0.4020943343639374,-1,-1,-1
100,0,375.85382080078125,139.99896240234375,399.6417541503906,173.65870666503906,0.3697175979614258,-1,-1,-1
101,0,912.4400024414062,152.13963317871094,1016.7332153320312,356.30303955078125,0.9033215045928955,-1,-1,-1
101,0,653.2737426757812,147.18382263183594,697.3551025390625,267.2814636230469,0.7770205140113831,-1,-1,-1
101,0,609.247314453125,132.17904663085938,651.2572631835938,265.1530456542969,0.7693490982055664,-1,-1,-1
101,0,744.8139038085938,152.97068786621094,785.1712036132812,246.89834594726562,0.7236937284469604,-1,-1,-1
101,0,465.0500793457031,143.30987548828125,481.6459045410156,183.21356201171875,0.5872671604156494,-1,-1,-1
101,0,442.5836181640625,143.76303100585938,462.4417419433594,182.2923126220703,0.30642732977867126,-1,-1,-1
101,0,374.7862548828125,139.21279907226562,396.5011291503906,172.91415405273438,0.25771889090538025,-1,-1,-1
102,0,923.8646850585938,151.16419982910156,1028.645751953125,362.638427734375,0.8943893313407898,-1,-1,-1
102,0,610.595703125,129.8088836669922,655.321044921875,264.1578674316406,0.8227174878120422,-1,-1,-1
102,0,656.8833618164062,148.6862030029297,703.62255859375,266.313232421875,0.8105645179748535,-1,-1,-1
102,0,752.0674438476562,151.94993591308594,788.523193359375,250.0081787109375,0.7308886647224426,-1,-1,-1
102,0,464.54644775390625,143.19346618652344,479.6567077636719,181.85153198242188,0.5019552707672119,-1,-1,-1
102,0,442.16595458984375,143.6905975341797,459.3238830566406,181.7450408935547,0.3795062303543091,-1,-1,-1
102,0,374.4649658203125,140.91854858398438,394.40289306640625,177.8494415283203,0.2572533190250397,-1,-1,-1
102,0,548.7642822265625,146.54786682128906,564.83984375,181.85508728027344,0.25065428018569946,-1,-1,-1
103,0,611.73681640625,130.6196746826172,659.1477661132812,263.3949890136719,0.8524245619773865,-1,-1,-1
103,0,954.4886474609375,153.35736083984375,1043.2200927734375,362.6774597167969,0.8278014063835144,-1,-1,-1
103,0,661.167724609375,148.9002685546875,707.09033203125,264.8924255371094,0.8094779253005981,-1,-1,-1
103,0,753.0110473632812,150.29049682617188,794.4110107421875,251.7067108154297,0.7878093123435974,-1,-1,-1
103,0,462.0957946777344,141.89300537109375,477.93585205078125,186.43499755859375,0.5772531032562256,-1,-1,-1
103,0,438.2040100097656,142.8811492919922,455.0267028808594,183.21994018554688,0.4307839274406433,-1,-1,-1
103,0,443.8502502441406,142.20791625976562,468.4620666503906,188.75308227539062,0.2607523202896118,-1,-1,-1
103,0,371.1300048828125,141.01141357421875,391.30120849609375,178.04055786132812,0.25467774271965027,-1,-1,-1
104,0,989.279541015625,143.30001831054688,1062.7510986328125,366.0480651855469,0.8441791534423828,-1,-1,-1
104,0,665.5731201171875,147.1009063720703,714.26123046875,269.7054138183594,0.8215807676315308,-1,-1,-1
104,0,594.5130004882812,129.52731323242188,663.0689086914062,272.0362243652344,0.8103539943695068,-1,-1,-1
104,0,757.15380859375,151.31072998046875,800.4175415039062,254.89865112304688,0.7955642938613892,-1,-1,-1
104,0,461.51092529296875,144.36976623535156,480.5750427246094,186.89028930664062,0.6609126925468445,-1,-1,-1
104,0,436.075927734375,144.3253936767578,454.856201171875,183.82388305664062,0.49092504382133484,-1,-1,-1
104,0,548.2546997070312,146.27305603027344,563.8413696289062,181.94464111328125,0.2777750790119171,-1,-1,-1
104,0,441.7791442871094,143.59034729003906,469.2377624511719,188.32479858398438,0.2751714289188385,-1,-1,-1
105,0,992.2969970703125,145.84942626953125,1096.41455078125,366.9312744140625,0.8984277248382568,-1,-1,-1
105,0,668.5345458984375,147.96841430664062,719.341552734375,277.58355712890625,0.8505088686943054,-1,-1,-1
105,0,584.7107543945312,126.23704528808594,666.2169799804688,274.2787170410156,0.8491443395614624,-1,-1,-1
105,0,765.5342407226562,150.73455810546875,804.0076293945312,253.762939453125,0.669191300868988,-1,-1,-1
105,0,464.5458068847656,143.7443389892578,481.76885986328125,185.3708038330078,0.47731348872184753,-1,-1,-1
105,0,435.8050231933594,143.19346618652344,451.3013000488281,178.04042053222656,0.3717891573905945,-1,-1,-1
105,0,549.7274780273438,144.14112854003906,565.9232177734375,182.15774536132812,0.27480021119117737,-1,-1,-1
106,0,994.3029174804688,153.18655395507812,1136.8118896484375,366.68084716796875,0.890419602394104,-1,-1,-1
106,0,581.682861328125,126.43726348876953,669.8228149414062,278.369873046875,0.8522307276725769,-1,-1,-1
106,0,670.7224731445312,150.7413330078125,726.823486328125,278.5867004394531,0.8177496790885925,-1,-1,-1
106,0,770.2789306640625,148.86441040039062,808.6858520507812,258.1217346191406,0.8135107755661011,-1,-1,-1
106,0,432.667236328125,143.79000854492188,449.230712890625,179.18756103515625,0.44097939133644104,-1,-1,-1
106,0,473.34210205078125,144.68118286132812,489.8283996582031,186.39785766601562,0.3973264992237091,-1,-1,-1
106,0,457.697265625,144.63461303710938,471.47802734375,187.22216796875,0.36377087235450745,-1,-1,-1
107,0,1008.6653442382812,149.90049743652344,1144.3741455078125,369.03424072265625,0.8914355635643005,-1,-1,-1
107,0,587.8768310546875,128.12588500976562,670.7202758789062,281.2591857910156,0.8301975131034851,-1,-1,-1
107,0,674.9840087890625,151.4318389892578,727.7796020507812,276.26153564453125,0.7901186943054199,-1,-1,-1
107,0,776.68212890625,150.96768188476562,817.7081909179688,254.7223663330078,0.7897711992263794,-1,-1,-1
107,0,430.093994140625,143.20469665527344,448.0306701660156,175.3634796142578,0.4253087043762207,-1,-1,-1
107,0,455.6628723144531,147.6331024169922,470.04888916015625,184.9078826904297,0.3040855824947357,-1,-1,-1
107,0,475.7985534667969,146.56849670410156,492.2608337402344,184.00027465820312,0.2657093405723572,-1,-1,-1
108,0,1045.942626953125,145.27525329589844,1158.0115966796875,367.9935302734375,0.925548791885376,-1,-1,-1
108,0,592.7976684570312,126.8154296875,670.0994873046875,282.6427001953125,0.8532572388648987,-1,-1,-1
108,0,781.5418090820312,150.23580932617188,826.4178466796875,262.0523986816406,0.7710744738578796,-1,-1,-1
108,0,678.45068359375,149.8147430419922,728.7950439453125,276.84271240234375,0.7299445271492004,-1,-1,-1
108,0,428.0099182128906,142.75498962402344,444.22357177734375,174.2245635986328,0.32850682735443115,-1,-1,-1
109,0,1101.3037109375,139.7811737060547,1176.40966796875,366.5648498535156,0.8735669255256653,-1,-1,-1
109,0,783.3829345703125,153.23255920410156,833.4165649414062,266.9992980957031,0.8564851880073547,-1,-1,-1
109,0,611.8047485351562,127.79962158203125,675.1366577148438,281.1260070800781,0.8516668677330017,-1,-1,-1
109,0,681.34814453125,147.0017547607422,742.4020385742188,279.84967041015625,0.8321242928504944,-1,-1,-1
109,0,425.2024841308594,141.78759765625,441.950927734375,175.67694091796875,0.41912171244621277,-1,-1,-1
109,0,448.54229736328125,145.77719116210938,465.0242004394531,184.14132690429688,0.40830010175704956,-1,-1,-1
109,0,477.18408203125,147.3311004638672,496.53582763671875,184.47677612304688,0.28570398688316345,-1,-1,-1
110,0,630.1138916015625,132.27935791015625,675.5509643554688,287.50799560546875,0.8952689170837402,-1,-1,-1
110,0,1123.620361328125,141.6329345703125,1206.8936767578125,368.2493591308594,0.8884563446044922,-1,-1,-1
110,0,686.3892822265625,151.5327911376953,743.4893798828125,286.36419677734375,0.8410555720329285,-1,-1,-1
110,0,791.4786376953125,154.4020233154297,838.0729370117188,265.5176696777344,0.8080698251724243,-1,-1,-1
110,0,424.9234619140625,142.4467010498047,441.4853820800781,176.2683563232422,0.3561602532863617,-1,-1,-1
110,0,444.2405700683594,146.91563415527344,462.0528869628906,193.60552978515625,0.3171491324901581,-1,-1,-1
110,0,483.4602355957031,146.18185424804688,498.0918273925781,185.7833709716797,0.27660071849823,-1,-1,-1
111,0,1129.0797119140625,144.22877502441406,1224.0,368.75408935546875,0.9228144288063049,-1,-1,-1
111,0,634.4077758789062,131.87310791015625,679.5045166015625,290.45355224609375,0.845718502998352,-1,-1,-1
111,0,691.0850830078125,151.25823974609375,747.4358520507812,293.6412658691406,0.8352783918380737,-1,-1,-1
111,0,799.6549682617188,154.0740203857422,840.6771850585938,259.43511962890625,0.7417895197868347,-1,-1,-1
111,0,439.92462158203125,143.64080810546875,458.2767028808594,185.37594604492188,0.28537115454673767,-1,-1,-1
112,0,638.3145751953125,135.2589874267578,684.779541015625,293.29522705078125,0.8502749800682068,-1,-1,-1
112,0,693.7683715820312,153.94509887695312,759.4954223632812,293.16998291015625,0.8469606637954712,-1,-1,-1
112,0,1145.094482421875,187.07205200195312,1223.92041015625,368.6872253417969,0.8276160955429077,-1,-1,-1
112,0,804.8350219726562,152.14361572265625,845.3364868164062,265.0001220703125,0.8258835673332214,-1,-1,-1
112,0,437.828369140625,145.30703735351562,456.15576171875,184.6390380859375,0.3178691565990448,-1,-1,-1
112,0,488.99505615234375,145.43016052246094,504.8702087402344,184.28578186035156,0.29892775416374207,-1,-1,-1
113,0,639.2455444335938,136.11807250976562,688.0031127929688,292.0072937011719,0.8642686605453491,-1,-1,-1
113,0,700.8270263671875,151.8208770751953,760.1517944335938,292.40228271484375,0.8558862209320068,-1,-1,-1
113,0,805.6036376953125,150.46458435058594,859.1891479492188,270.29071044921875,0.8334611058235168,-1,-1,-1
113,0,414.7448425292969,141.4154815673828,432.7170715332031,176.40151977539062,0.34718528389930725,-1,-1,-1
113,0,434.02276611328125,146.27462768554688,453.7499694824219,182.37527465820312,0.2766283452510834,-1,-1,-1
114,0,644.3037719726562,130.7643280029297,693.5597534179688,296.00146484375,0.8661776185035706,-1,-1,-1
114,0,706.4816284179688,150.95196533203125,769.6127319335938,298.8174743652344,0.865010678768158,-1,-1,-1
114,0,809.6536865234375,152.84356689453125,865.8190307617188,274.38592529296875,0.8497401475906372,-1,-1,-1
114,0,493.8283386230469,143.06295776367188,511.6646423339844,182.97288513183594,0.5452120900154114,-1,-1,-1
114,0,416.0790100097656,141.35452270507812,432.5200500488281,176.72817993164062,0.3025384247303009,-1,-1,-1
115,0,710.822998046875,157.4599609375,776.8622436523438,300.39129638671875,0.8392429351806641,-1,-1,-1
115,0,642.8135986328125,130.8147430419922,695.6624755859375,302.6978759765625,0.8289414644241333,-1,-1,-1
115,0,826.3294677734375,153.0819091796875,867.759521484375,272.17108154296875,0.7357606291770935,-1,-1,-1
115,0,496.56256103515625,143.25538635253906,513.079345703125,181.38970947265625,0.4976043701171875,-1,-1,-1
115,0,411.7923278808594,141.8966522216797,430.4203796386719,179.1103515625,0.3356032967567444,-1,-1,-1
115,0,432.8204345703125,144.75196838378906,448.954833984375,182.8424530029297,0.32601654529571533,-1,-1,-1
116,0,713.3433837890625,158.15318298339844,787.9593505859375,299.0458068847656,0.8595379590988159,-1,-1,-1
116,0,630.9501342773438,132.87889099121094,699.7864990234375,303.5919189453125,0.8409020304679871,-1,-1,-1
116,0,830.8014526367188,151.32191467285156,877.4979858398438,272.8764343261719,0.8061864972114563,-1,-1,-1
116,0,500.9118347167969,142.6561737060547,514.0369262695312,176.4657745361328,0.34199172258377075,-1,-1,-1
116,0,431.38189697265625,144.04348754882812,446.0362548828125,183.02322387695312,0.27197593450546265,-1,-1,-1
116,0,410.62677001953125,141.4785919189453,428.1965026855469,175.64407348632812,0.27087780833244324,-1,-1,-1
117,0,631.935546875,134.12960815429688,705.2636108398438,312.4156494140625,0.8752939105033875,-1,-1,-1
117,0,720.9832153320312,158.2489776611328,790.9239501953125,301.5999755859375,0.8493858575820923,-1,-1,-1
117,0,833.9639892578125,154.32797241210938,889.9439697265625,274.24639892578125,0.795586884021759,-1,-1,-1
117,0,502.9945983886719,142.8246307373047,517.1134033203125,183.45713806152344,0.5710602402687073,-1,-1,-1
117,0,630.200439453125,145.5886688232422,791.7840576171875,304.8553161621094,0.3749068081378937,-1,-1,-1
117,0,550.8569946289062,144.34866333007812,568.937255859375,181.899169921875,0.31816887855529785,-1,-1,-1
117,0,426.3620300292969,143.18795776367188,444.4781799316406,177.94845581054688,0.2733612358570099,-1,-1,-1
117,0,409.8764953613281,141.60015869140625,426.11224365234375,175.66400146484375,0.25590652227401733,-1,-1,-1
118,0,722.6885375976562,160.1868896484375,794.6129760742188,311.8789367675781,0.8640808463096619,-1,-1,-1
118,0,645.181884765625,135.0221710205078,710.4403686523438,320.4174499511719,0.8581660389900208,-1,-1,-1
118,0,840.0149536132812,156.1223907470703,900.9678344726562,281.59075927734375,0.8523785471916199,-1,-1,-1
118,0,504.8525695800781,144.2881622314453,521.246826171875,181.57032775878906,0.5023813843727112,-1,-1,-1
118,0,551.9290161132812,143.86422729492188,567.8116455078125,182.20672607421875,0.4363711476325989,-1,-1,-1
118,0,423.5413513183594,143.72283935546875,442.8702392578125,178.96383666992188,0.3312218189239502,-1,-1,-1
118,0,406.3642272949219,143.2749481201172,423.4974060058594,178.30398559570312,0.30378812551498413,-1,-1,-1
119,0,726.1891479492188,161.64186096191406,794.0119018554688,310.2908630371094,0.8463158011436462,-1,-1,-1
119,0,659.935546875,136.27508544921875,715.4796752929688,315.8131103515625,0.8143207430839539,-1,-1,-1
119,0,848.1535034179688,154.47508239746094,909.942138671875,285.3367004394531,0.809005618095398,-1,-1,-1
119,0,508.8248291015625,144.1158905029297,524.1212158203125,180.79441833496094,0.5179377198219299,-1,-1,-1
119,0,552.7269287109375,145.28753662109375,567.84765625,182.70091247558594,0.3778627812862396,-1,-1,-1
119,0,402.5119323730469,142.6700439453125,422.316650390625,180.1032257080078,0.36412256956100464,-1,-1,-1
119,0,421.7214050292969,143.6796417236328,442.34930419921875,180.5049285888672,0.3453068435192108,-1,-1,-1
120,0,673.0677490234375,129.78213500976562,722.9359741210938,314.7713928222656,0.8508578538894653,-1,-1,-1
120,0,858.7142333984375,154.9733123779297,917.6249389648438,285.4107971191406,0.8178602457046509,-1,-1,-1
120,0,731.2772216796875,161.86436462402344,794.6347045898438,324.4796142578125,0.777850329875946,-1,-1,-1
120,0,510.1250305175781,143.07415771484375,526.3947143554688,181.88558959960938,0.5918297171592712,-1,-1,-1
120,0,553.6468505859375,144.46514892578125,568.8411865234375,182.35037231445312,0.46732789278030396,-1,-1,-1
120,0,419.9990539550781,144.20401000976562,441.1134338378906,178.33140563964844,0.3241329491138458,-1,-1,-1
120,0,402.4497375488281,142.75608825683594,421.6039733886719,177.09376525878906,0.31500235199928284,-1,-1,-1
121,0,675.957275390625,135.05836486816406,731.7393798828125,325.39202880859375,0.8530855774879456,-1,-1,-1
121,0,875.1040649414062,153.00697326660156,921.9052124023438,282.6473693847656,0.7857990860939026,-1,-1,-1
121,0,732.7770385742188,164.4314727783203,802.9671020507812,327.7272033691406,0.7238720059394836,-1,-1,-1
121,0,514.7589111328125,143.25765991210938,528.427978515625,179.81028747558594,0.5564500093460083,-1,-1,-1
121,0,552.822265625,143.96542358398438,571.1218872070312,181.89093017578125,0.4354705512523651,-1,-1,-1
121,0,414.8874206542969,143.63671875,436.6404724121094,179.75750732421875,0.34982144832611084,-1,-1,-1
122,0,678.6318359375,136.44366455078125,744.3003540039062,333.5052185058594,0.855501115322113,-1,-1,-1
122,0,741.4705810546875,163.61915588378906,800.6880493164062,330.96435546875,0.8154340982437134,-1,-1,-1
122,0,881.6015014648438,150.69058227539062,933.7120971679688,287.1429138183594,0.8031582832336426,-1,-1,-1
122,0,552.6692504882812,143.019287109375,574.2122192382812,182.25633239746094,0.4060765504837036,-1,-1,-1
122,0,416.570556640625,143.26878356933594,434.24700927734375,179.71177673339844,0.3288646936416626,-1,-1,-1
122,0,517.57373046875,140.15480041503906,531.0723266601562,178.11680603027344,0.262767493724823,-1,-1,-1
123,0,888.4703979492188,157.30247497558594,956.6212158203125,290.5796813964844,0.8695558309555054,-1,-1,-1
123,0,746.7684936523438,158.37661743164062,811.1029052734375,338.36920166015625,0.837708592414856,-1,-1,-1
123,0,677.4447631835938,138.37156677246094,744.61376953125,333.7177734375,0.8290883302688599,-1,-1,-1
123,0,553.1775512695312,143.53933715820312,574.5125122070312,182.17947387695312,0.33538252115249634,-1,-1,-1
123,0,415.951904296875,142.37229919433594,431.5903625488281,181.535888671875,0.2800290584564209,-1,-1,-1
124,0,685.56494140625,135.95237731933594,754.9395751953125,338.39276123046875,0.851982057094574,-1,-1,-1
124,0,895.1604614257812,157.4904022216797,955.9093017578125,292.92962646484375,0.8418869376182556,-1,-1,-1
124,0,752.9598999023438,162.9363555908203,821.0610961914062,332.6763000488281,0.8412308692932129,-1,-1,-1
124,0,553.728515625,144.0656280517578,575.07861328125,183.0218963623047,0.34011951088905334,-1,-1,-1
124,0,407.91143798828125,144.49818420410156,427.0416259765625,182.14154052734375,0.2619306147098541,-1,-1,-1
125,0,697.9951171875,132.36549377441406,759.052490234375,337.30078125,0.8646840453147888,-1,-1,-1
125,0,747.8587036132812,160.6821746826172,833.52587890625,346.14453125,0.8549684882164001,-1,-1,-1
125,0,908.874267578125,154.64151000976562,965.1375122070312,297.7693176269531,0.7487064003944397,-1,-1,-1
125,0,554.2740478515625,144.20559692382812,575.5228881835938,182.42416381835938,0.27385884523391724,-1,-1,-1
126,0,755.9479370117188,166.28314208984375,840.2095336914062,348.5581970214844,0.8532934188842773,-1,-1,-1
126,0,685.8300170898438,132.7512969970703,766.1100463867188,343.8457946777344,0.8519418239593506,-1,-1,-1
126,0,927.119140625,154.09388732910156,985.0686645507812,294.0803527832031,0.7875757813453674,-1,-1,-1
126,0,407.6696472167969,144.06008911132812,423.7092590332031,179.44833374023438,0.38537195324897766,-1,-1,-1
126,0,384.3514099121094,144.1781005859375,408.5334777832031,179.69979858398438,0.3205414116382599,-1,-1,-1
126,0,554.3346557617188,143.90463256835938,575.6063232421875,182.2834930419922,0.28960710763931274,-1,-1,-1
127,0,687.0123291015625,137.37623596191406,774.5953979492188,354.0828857421875,0.8344572186470032,-1,-1,-1
127,0,780.1127319335938,159.65283203125,861.955078125,349.0267333984375,0.8181915283203125,-1,-1,-1
127,0,937.0525512695312,159.75230407714844,1004.55517578125,299.7265625,0.7943776845932007,-1,-1,-1
128,0,942.9153442382812,161.570556640625,1018.823486328125,307.40106201171875,0.8479344844818115,-1,-1,-1
128,0,698.5994262695312,137.54380798339844,783.104248046875,359.4465026855469,0.8304412961006165,-1,-1,-1
128,0,787.928955078125,162.12210083007812,855.0499267578125,354.8058166503906,0.7971033453941345,-1,-1,-1
128,0,402.9233703613281,144.6712646484375,420.655029296875,178.8655242919922,0.2944863736629486,-1,-1,-1
128,0,555.6502075195312,144.5580291748047,573.6764526367188,182.1460723876953,0.2820033133029938,-1,-1,-1
129,0,792.463134765625,162.8175811767578,863.4308471679688,367.62005615234375,0.8427839875221252,-1,-1,-1
129,0,704.0584716796875,131.66351318359375,792.3102416992188,363.4990234375,0.8136913180351257,-1,-1,-1
129,0,962.0708618164062,161.0001220703125,1029.05029296875,305.9550476074219,0.784958004951477,-1,-1,-1
129,0,555.3809814453125,144.8394775390625,573.1487426757812,182.01480102539062,0.3307405114173889,-1,-1,-1
129,0,400.5289611816406,144.01150512695312,418.55450439453125,180.1367645263672,0.2840083837509155,-1,-1,-1
130,0,799.7525634765625,164.70025634765625,880.7356567382812,363.9494934082031,0.8642140030860901,-1,-1,-1
130,0,730.3167114257812,128.92837524414062,798.663330078125,366.5858154296875,0.7986811399459839,-1,-1,-1
130,0,973.3377075195312,156.1656951904297,1030.914794921875,301.0241394042969,0.7859776020050049,-1,-1,-1
131,0,740.6276245117188,127.82398986816406,809.0855102539062,366.1785583496094,0.8361788392066956,-1,-1,-1
131,0,809.8981323242188,166.62156677246094,886.0252685546875,366.1477355957031,0.8348743915557861,-1,-1,-1
131,0,981.7154541015625,155.9590301513672,1048.2197265625,313.2070007324219,0.8318651914596558,-1,-1,-1
132,0,989.8413696289062,161.36514282226562,1083.1717529296875,315.0835266113281,0.8804163336753845,-1,-1,-1
132,0,824.5609130859375,160.9224395751953,898.0535888671875,367.2362365722656,0.8635967373847961,-1,-1,-1
132,0,746.4598388671875,134.41500854492188,823.6596069335938,367.26116943359375,0.8613055348396301,-1,-1,-1
133,0,751.2401733398438,130.8619842529297,835.18701171875,368.1299133300781,0.8608295917510986,-1,-1,-1
133,0,1002.99658203125,158.10813903808594,1086.8887939453125,321.74407958984375,0.8583417534828186,-1,-1,-1
133,0,830.55078125,166.2490234375,924.1807250976562,367.42376708984375,0.8155773282051086,-1,-1,-1
134,0,828.8697509765625,166.06663513183594,935.803955078125,369.0466003417969,0.9008323550224304,-1,-1,-1
134,0,757.0709228515625,126.41255950927734,840.7279663085938,367.5907897949219,0.8627434968948364,-1,-1,-1
134,0,1024.53564453125,160.12339782714844,1089.1724853515625,324.58209228515625,0.7876741886138916,-1,-1,-1
134,0,549.2037353515625,141.92478942871094,572.1246948242188,182.0683135986328,0.41195085644721985,-1,-1,-1
135,0,841.8902587890625,167.18260192871094,949.3118286132812,369.664306640625,0.8913134336471558,-1,-1,-1
135,0,773.0902709960938,118.87080383300781,851.0704956054688,368.3460388183594,0.8908373713493347,-1,-1,-1
135,0,1038.742919921875,155.15740966796875,1110.0791015625,323.45050048828125,0.7681538462638855,-1,-1,-1
135,0,551.6950073242188,142.07711791992188,572.5482788085938,181.39149475097656,0.4303756654262543,-1,-1,-1
136,0,783.7073974609375,115.55331420898438,861.4421997070312,365.7408447265625,0.8857541680335999,-1,-1,-1
136,0,872.85009765625,162.44712829589844,958.6345825195312,365.3398742675781,0.8804896473884583,-1,-1,-1
136,0,1049.8487548828125,162.09869384765625,1139.906494140625,340.2502136230469,0.8193801045417786,-1,-1,-1
136,0,552.5523071289062,141.87054443359375,575.3902587890625,183.677734375,0.5241860151290894,-1,-1,-1
137,0,769.8983154296875,121.924072265625,875.0007934570312,366.2696533203125,0.8936282992362976,-1,-1,-1
137,0,897.1424560546875,162.8072967529297,984.8353271484375,366.8363342285156,0.8529828786849976,-1,-1,-1
137,0,1070.3140869140625,161.04415893554688,1162.5447998046875,346.1082763671875,0.8474481105804443,-1,-1,-1
137,0,554.0712280273438,142.07896423339844,575.9561767578125,182.4071807861328,0.43026575446128845,-1,-1,-1
138,0,768.2806396484375,123.67046356201172,887.8736572265625,368.4967956542969,0.8871375918388367,-1,-1,-1
138,0,907.5757446289062,159.543212890625,1001.7227172851562,368.276123046875,0.8458318710327148,-1,-1,-1
138,0,1086.966552734375,161.4488067626953,1174.8614501953125,344.966552734375,0.8149930834770203,-1,-1,-1
138,0,554.6646118164062,143.0115966796875,573.8499755859375,182.84837341308594,0.39151132106781006,-1,-1,-1
139,0,772.2479248046875,122.11447143554688,902.3829345703125,369.8970642089844,0.8846194744110107,-1,-1,-1
139,0,912.9434814453125,163.444091796875,1024.3787841796875,367.8268737792969,0.869903028011322,-1,-1,-1
139,0,1108.0782470703125,161.370361328125,1184.4378662109375,336.0983581542969,0.7538341879844666,-1,-1,-1
140,0,786.3394165039062,113.79167175292969,916.2875366210938,366.21807861328125,0.9114347100257874,-1,-1,-1
140,0,931.7982177734375,162.38189697265625,1061.71630859375,368.38946533203125,0.8849558234214783,-1,-1,-1
140,0,1126.1407470703125,159.25384521484375,1205.16748046875,336.4404602050781,0.8064478039741516,-1,-1,-1
140,0,557.2144165039062,142.30679321289062,578.600830078125,182.67642211914062,0.3350619971752167,-1,-1,-1
141,0,827.8489990234375,107.5821762084961,930.77392578125,365.1049499511719,0.9001697897911072,-1,-1,-1
141,0,963.1357421875,158.69366455078125,1071.82373046875,368.2261962890625,0.862784743309021,-1,-1,-1
141,0,1136.8634033203125,162.1012420654297,1223.440185546875,338.102294921875,0.7440176010131836,-1,-1,-1
142,0,856.0440063476562,107.7175521850586,946.4329833984375,368.0408935546875,0.909270703792572,-1,-1,-1
142,0,993.0917358398438,161.5023193359375,1094.580078125,367.8207702636719,0.8359975814819336,-1,-1,-1
142,0,1140.5177001953125,160.76519775390625,1224.0,353.5345458984375,0.7572199702262878,-1,-1,-1
142,0,244.1331024169922,147.64671325683594,266.1655578613281,204.90467834472656,0.26874545216560364,-1,-1,-1
143,0,1002.2399291992188,163.55828857421875,1118.9222412109375,367.1724548339844,0.8694625496864319,-1,-1,-1
143,0,868.1170043945312,109.66419982910156,963.5130004882812,367.62750244140625,0.8641514182090759,-1,-1,-1
143,0,1180.5264892578125,189.61538696289062,1223.49072265625,356.83538818359375,0.31034690141677856,-1,-1,-1
144,0,1024.272705078125,161.84393310546875,1152.276123046875,367.0925598144531,0.8475033640861511,-1,-1,-1
144,0,885.764404296875,115.3304214477539,996.8771362304688,366.19451904296875,0.8028778433799744,-1,-1,-1
144,0,556.1920776367188,142.5791473388672,576.2435302734375,183.0061798095703,0.45143404603004456,-1,-1,-1
144,0,1185.458984375,197.3799285888672,1223.5047607421875,344.8198547363281,0.3385933041572571,-1,-1,-1
144,0,1135.0997314453125,197.70938110351562,1224.0,356.9237060546875,0.3111109435558319,-1,-1,-1
144,0,1197.1226806640625,199.63055419921875,1223.8367919921875,270.8251647949219,0.2740863859653473,-1,-1,-1
145,0,1072.318359375,163.23281860351562,1214.84423828125,367.5977478027344,0.8658940196037292,-1,-1,-1
145,0,911.6435546875,103.63458251953125,1019.6681518554688,368.9318542480469,0.8459965586662292,-1,-1,-1
145,0,555.80322265625,144.06016540527344,574.594970703125,183.0607147216797,0.2847506105899811,-1,-1,-1
